1,-4.06,2.50,0.0009
2,-4.06,2.45,0.0102
3,-1.23,2.00,0.0102
4,-1.23,1.34,0.0103
5,1.08,0.17,0.0102
6,1.08,-0.68,0.0102
7,1.83,-1.32,0.0102
8,1.83,-1.94,0.0103
9,2.63,-2.57,0.0102
10,2.63,-2.67,0.0103
11,1.37,-2.33,0.0103
12,1.37,-1.60,0.0103
13,-0.62,-0.83,0.0102
14,-0.62,-0.10,0.0103
15,-1.51,0.62,0.0102
16,-1.51,1.27,0.0103
17,-2.00,1.69,0.0102
18,-2.00,1.95,0.0103
19,-1.88,2.11,0.0102
20,-1.88,1.55,0.0103
21,0.06,1.01,0.0102
22,0.06,0.42,0.0103
23,0.82,-0.13,0.0102
24,0.82,-0.54,0.0103
25,1.27,-1.04,0.0102
26,1.27,-1.49,0.0103
27,1.70,-1.75,0.0102
28,1.70,-1.91,0.0103
29,1.21,-1.73,0.0102
30,1.21,-1.36,0.0103
31,0.14,-0.95,0.0102
32,0.14,-0.52,0.0103
33,-0.45,-0.10,0.0102
34,-0.45,0.20,0.0103
35,-0.56,0.46,0.0102
36,-0.56,0.70,0.0103
37,-0.67,0.81,0.0102
38,-0.67,0.76,0.0103
39,-0.14,0.63,0.0102
40,-0.14,0.45,0.0103
41,0.47,0.11,0.0102
42,0.47,-0.23,0.0103
43,1.21,-0.64,0.0102
44,1.21,-0.99,0.0103
45,1.64,-1.28,0.0103
46,1.64,-1.51,0.0103
47,1.12,-1.25,0.0102
48,1.12,-0.62,0.0103
49,-0.42,-0.20,0.0102
50,-0.42,-0.03,0.0103
51,-0.38,0.38,0.0102
52,-0.38,0.72,0.0103
53,-1.07,1.10,0.0102
54,-1.07,1.44,0.0103
55,-1.42,1.65,0.0102
56,-1.42,1.60,0.0103
57,-0.50,1.29,0.0102
58,-0.50,0.70,0.0103
59,0.80,0.21,0.0102
60,0.80,-0.46,0.0103
61,1.58,-0.90,0.0102
62,1.58,-1.44,0.0103
63,2.26,-1.87,0.0102
64,2.26,-1.88,0.0103
65,1.00,-1.53,0.0102
66,1.00,-0.97,0.0103
67,0.00,-0.62,0.0101
68,0.00,-0.23,0.0103
69,-0.21,0.05,0.0102
70,-0.21,0.36,0.0103
71,-0.53,0.63,0.0102
72,-0.53,0.87,0.0103
73,-0.77,1.05,0.0102
74,-0.77,1.11,0.0103
75,-0.18,0.86,0.0102
76,-0.18,0.62,0.0103
77,0.61,0.22,0.0102
78,0.61,-0.11,0.0103
79,0.88,-0.33,0.0102
80,0.88,-0.50,0.0103
81,0.98,-0.67,0.0102
82,0.98,-0.83,0.0103
83,1.29,-1.01,0.0102
84,1.29,-0.98,0.0103
85,0.50,-0.65,0.0102
86,0.50,-0.46,0.0103
87,0.07,-0.15,0.0102
88,0.07,0.19,0.0103
89,-0.69,0.62,0.0102
90,-0.69,1.02,0.0103
91,-1.22,1.33,0.0102
92,-1.22,1.51,0.0103
93,-1.13,1.59,0.0102
94,-1.13,1.34,0.0103
95,-0.12,1.01,0.0102
96,-0.12,0.54,0.0103
97,0.65,0.16,0.0102
98,0.65,-0.33,0.0103
99,1.16,-0.65,0.0102
100,1.16,-0.84,0.0103
101,1.03,-0.98,0.0103
102,1.03,-1.16,0.0103
103,1.36,-1.31,0.0102
104,1.36,-0.90,0.0103
105,-0.32,-0.38,0.0103
106,-0.32,0.17,0.0104
107,-1.05,0.62,0.0103
108,-1.05,0.94,0.0103
109,-1.08,1.16,0.0102
110,-1.08,1.37,0.0103
111,-1.16,1.43,0.0102
112,-1.16,1.22,0.0103
113,0.14,0.70,0.0102
114,0.14,0.28,0.0103
115,0.67,-0.08,0.0102
116,0.67,-0.27,0.0104
117,0.55,-0.44,0.0103
118,0.55,-0.53,0.0104
119,0.35,-0.49,0.0103
120,0.35,-0.50,0.0104
121,0.22,-0.41,0.0103
122,0.22,-0.25,0.0103
123,-0.08,-0.15,0.0103
124,-0.08,0.08,0.0104
125,-0.47,0.24,0.0102
126,-0.47,0.38,0.0103
127,-0.60,0.53,0.0102
128,-0.60,0.61,0.0104
129,-0.60,0.66,0.0103
130,-0.60,0.41,0.0104
131,0.45,0.04,0.0102
132,0.45,-0.21,0.0103
133,0.50,-0.34,0.0102
134,0.50,-0.35,0.0103
135,0.13,-0.30,0.0102
136,0.13,-0.22,0.0103
137,-0.04,-0.16,0.0103
138,-0.04,-0.08,0.0104
139,-0.15,0.00,0.0103
140,-0.15,0.08,0.0102
141,-0.25,0.15,0.0103
142,-0.25,0.24,0.0103
143,-0.42,0.33,0.0102
144,-0.42,0.41,0.0103
145,-0.60,0.52,0.0102
146,-0.60,0.61,0.0103
147,-0.48,0.52,0.0102
148,-0.48,0.53,0.0103
149,-0.15,0.28,0.0103
150,-0.15,0.19,0.0104
151,-0.21,0.17,0.0103
152,-0.21,0.05,0.0103
153,0.13,-0.11,0.0102
154,0.13,-0.23,0.0103
155,0.03,-0.20,0.0103
156,0.03,-0.08,0.0103
157,-0.40,0.03,0.0103
158,-0.40,0.17,0.0103
159,-0.66,0.31,0.0102
160,-0.66,0.42,0.0103
161,-0.50,0.35,0.0103
162,-0.50,0.25,0.0103
163,-0.25,0.20,0.0103
164,-0.25,0.16,0.0103
165,-0.20,0.07,0.0102
166,-0.20,0.05,0.0103
167,-0.24,0.02,0.0103
168,-0.24,-0.02,0.0103
169,-0.17,-0.05,0.0103
170,-0.17,0.09,0.0104
171,-0.70,0.23,0.0103
172,-0.70,0.39,0.0103
173,-0.80,0.45,0.0103
174,-0.80,0.44,0.0104
175,-0.58,0.40,0.0103
176,-0.58,0.33,0.0104
177,-0.37,0.21,0.0103
178,-0.37,0.04,0.0103
179,-0.02,-0.12,0.0102
180,-0.02,-0.17,0.0103
181,-0.18,-0.19,0.0103
182,-0.18,-0.13,0.0104
183,-0.60,0.03,0.0103
184,-0.60,0.24,0.0103
185,-1.03,0.42,0.0102
186,-1.03,0.34,0.0103
187,-0.39,0.22,0.0102
188,-0.39,0.14,0.0103
189,-0.36,0.08,0.0102
190,-0.36,-0.07,0.0104
191,-0.11,-0.16,0.0103
192,-0.11,-0.13,0.0104
193,-0.63,0.03,0.0103
194,-0.63,0.25,0.0103
195,-1.14,0.45,0.0103
196,-1.14,0.48,0.0103
197,-0.67,0.37,0.0103
198,-0.67,0.26,0.0103
199,-0.47,0.18,0.0103
200,-0.47,-0.07,0.0103
201,0.01,-0.24,0.0103
202,0.01,-0.24,0.0104
203,-0.47,-0.16,0.0103
204,-0.47,0.02,0.0104
205,-0.95,0.19,0.0102
206,-0.95,0.35,0.0103
207,-1.17,0.51,0.0102
208,-1.17,0.54,0.0103
209,-0.65,0.34,0.0103
210,-0.65,0.17,0.0103
211,-0.37,0.05,0.0102
212,-0.37,-0.18,0.0103
213,0.12,-0.42,0.0103
214,0.12,-0.58,0.0104
215,0.04,-0.61,0.0103
216,0.04,-0.52,0.0103
217,-0.52,-0.33,0.0103
218,-0.52,-0.08,0.0103
219,-0.97,0.12,0.0103
220,-0.97,0.30,0.0103
221,-1.13,0.47,0.0102
222,-1.13,0.67,0.0103
223,-1.48,0.85,0.0103
224,-1.48,0.65,0.0103
225,-0.41,0.35,0.0102
226,-0.41,-0.29,0.0103
227,0.56,-0.55,0.0103
228,0.56,-0.67,0.0103
229,0.09,-0.73,0.0103
230,0.09,-0.76,0.0104
231,-0.04,-0.70,0.0103
232,-0.04,-0.41,0.0104
233,-0.89,-0.12,0.0103
234,-0.89,0.15,0.0104
235,-1.12,0.35,0.0103
236,-1.12,0.51,0.0103
237,-1.26,0.69,0.0102
238,-1.26,0.90,0.0103
239,-1.48,0.96,0.0102
240,-1.48,0.61,0.0103
241,-0.02,0.16,0.0102
242,-0.02,-0.28,0.0103
243,0.62,-0.70,0.0103
244,0.62,-1.09,0.0104
245,0.93,-1.33,0.0103
246,0.93,-1.51,0.0103
247,0.99,-1.63,0.0102
248,0.99,-1.28,0.0104
249,-0.55,-0.75,0.0103
250,-0.55,-0.34,0.0104
251,-0.90,0.01,0.0103
252,-0.90,0.34,0.0103
253,-1.42,0.75,0.0102
254,-1.42,1.12,0.0103
255,-1.72,1.30,0.0102
256,-1.72,1.24,0.0104
257,-0.51,0.79,0.0102
258,-0.51,0.41,0.0103
259,0.18,0.02,0.0102
260,0.18,-0.35,0.0103
261,0.75,-0.76,0.0103
262,0.75,-1.03,0.0104
263,1.05,-1.33,0.0103
264,1.05,-1.56,0.0104
265,1.25,-1.69,0.0103
266,1.25,-1.27,0.0104
267,-0.08,-0.97,0.0103
268,-0.08,-0.59,0.0104
269,-0.38,-0.32,0.0103
270,-0.38,-0.02,0.0104
271,-0.71,0.27,0.0103
272,-0.71,0.56,0.0103
273,-1.00,0.76,0.0103
274,-1.00,0.87,0.0104
275,-0.83,0.89,0.0103
276,-0.83,0.88,0.0104
277,-0.60,0.76,0.0102
278,-0.60,0.53,0.0103
279,0.37,0.04,0.0102
280,0.37,-0.39,0.0103
281,0.91,-0.70,0.0102
282,0.91,-0.96,0.0103
283,1.02,-1.13,0.0103
284,1.02,-1.22,0.0104
285,1.02,-1.31,0.0103
286,1.02,-1.37,0.0103
287,0.29,-0.87,0.0102
288,0.29,-0.45,0.0104
289,-0.68,0.02,0.0103
290,-0.68,0.40,0.0104
291,-0.86,0.63,0.0103
292,-0.86,0.77,0.0103
293,-0.62,0.79,0.0102
294,-0.62,0.71,0.0104
295,0.02,0.43,0.0103
296,0.02,0.20,0.0103
297,0.37,-0.01,0.0103
298,0.37,-0.30,0.0104
299,0.63,-0.42,0.0103
300,0.63,-0.48,0.0104
301,0.52,-0.55,0.0103
302,0.52,-0.62,0.0103
303,0.68,-0.69,0.0103
304,0.68,-0.62,0.0104
305,0.06,-0.34,0.0103
306,0.06,0.07,0.0103
307,-0.65,0.31,0.0103
308,-0.65,0.44,0.0103
309,-0.46,0.54,0.0102
310,-0.46,0.54,0.0103
311,-0.21,0.48,0.0103
312,-0.21,0.42,0.0104
313,0.40,0.04,0.0102
314,0.40,-0.23,0.0103
315,0.90,-0.51,0.0103
316,0.90,-0.66,0.0104
317,0.87,-0.78,0.0103
318,0.87,-0.84,0.0103
319,0.92,-0.90,0.0103
320,0.92,-0.42,0.0103
321,-0.76,0.11,0.0102
322,-0.76,0.54,0.0103
323,-0.88,0.75,0.0103
324,-0.88,0.88,0.0104
325,-0.47,0.81,0.0103
326,-0.47,0.51,0.0104
327,0.70,0.07,0.0103
328,0.70,-0.21,0.0103
329,0.85,-0.44,0.0102
330,0.85,-0.57,0.0103
331,0.76,-0.64,0.0103
332,0.76,-0.74,0.0104
333,0.97,-0.85,0.0103
334,0.97,-1.03,0.0104
335,0.51,-0.62,0.0103
336,0.51,-0.33,0.0104
337,-0.32,0.05,0.0102
338,-0.32,0.36,0.0103
339,-0.38,0.47,0.0103
340,-0.38,0.47,0.0103
341,0.08,0.38,0.0103
342,0.08,0.32,0.0103
343,0.20,0.24,0.0102
344,0.20,0.12,0.0103
345,0.51,-0.04,0.0102
346,0.51,-0.15,0.0104
347,0.67,-0.30,0.0103
348,0.67,-0.46,0.0103
349,0.86,-0.54,0.0103
350,0.86,-0.62,0.0104
351,0.65,-0.51,0.0103
352,0.65,-0.14,0.0103
353,-0.73,0.38,0.0102
354,-0.73,0.69,0.0103
355,-0.72,0.86,0.0103
356,-0.72,0.96,0.0103
357,-0.69,1.05,0.0102
358,-0.69,0.90,0.0103
359,0.13,0.58,0.0103
360,0.13,0.14,0.0103
361,0.95,-0.22,0.0102
362,0.95,-0.41,0.0104
363,0.73,-0.52,0.0102
364,0.73,-0.53,0.0103
365,0.55,-0.54,0.0103
366,0.55,-0.40,0.0104
367,0.22,-0.32,0.0103
368,0.22,-0.37,0.0104
369,0.08,-0.08,0.0102
370,0.08,0.21,0.0104
371,-0.71,0.54,0.0102
372,-0.71,0.71,0.0103
373,-0.61,0.79,0.0103
374,-0.61,0.84,0.0103
375,-0.36,0.73,0.0102
376,-0.36,0.56,0.0104
377,0.28,0.25,0.0103
378,0.28,0.05,0.0103
379,0.54,-0.19,0.0102
380,0.54,-0.46,0.0103
381,0.78,-0.57,0.0103
382,0.78,-0.58,0.0103
383,0.53,-0.60,0.0103
384,0.53,-0.60,0.0104
385,-0.00,-0.24,0.0103
386,-0.00,0.29,0.0104
387,-1.24,0.73,0.0103
388,-1.24,1.02,0.0103
389,-1.12,1.16,0.0102
390,-1.12,1.25,0.0103
391,-0.40,0.88,0.0102
392,-0.40,0.56,0.0104
393,0.31,0.23,0.0103
394,0.31,-0.13,0.0103
395,0.68,-0.38,0.0103
396,0.68,-0.58,0.0104
397,0.52,-0.59,0.0103
398,0.52,-0.56,0.0104
399,0.13,-0.44,0.0103
400,0.13,-0.38,0.0104
401,0.02,-0.25,0.0103
402,0.02,-0.19,0.0103
403,0.12,-0.19,0.0102
404,0.12,-0.07,0.0104
405,-0.48,0.22,0.0103
406,-0.48,0.32,0.0104
407,-0.45,0.41,0.0103
408,-0.45,0.48,0.0104
409,-0.47,0.51,0.0103
410,-0.47,0.49,0.0103
411,0.03,0.23,0.0102
412,0.03,-0.18,0.0103
413,0.88,-0.47,0.0103
414,0.88,-0.56,0.0104
415,0.49,-0.59,0.0103
416,0.49,-0.53,0.0104
417,0.19,-0.44,0.0103
418,0.19,-0.16,0.0104
419,-0.67,0.21,0.0103
420,-0.67,0.54,0.0102
421,-0.96,0.73,0.0102
422,-0.96,0.76,0.0104
423,-0.71,0.83,0.0102
424,-0.71,0.85,0.0103
425,-0.22,0.53,0.0102
426,-0.22,0.23,0.0103
427,0.48,-0.11,0.0102
428,0.48,-0.35,0.0103
429,0.47,-0.45,0.0103
430,0.47,-0.38,0.0104
431,0.04,-0.35,0.0103
432,0.04,-0.30,0.0104
433,0.03,-0.26,0.0103
434,0.03,-0.23,0.0104
435,0.08,-0.23,0.0103
436,0.08,-0.24,0.0104
437,-0.01,-0.14,0.0103
438,-0.01,0.03,0.0104
439,-0.31,0.10,0.0103
440,-0.31,0.15,0.0103
441,-0.19,0.16,0.0102
442,-0.19,0.17,0.0104
443,-0.17,0.17,0.0102
444,-0.17,0.16,0.0103
445,-0.15,0.15,0.0102
446,-0.15,0.22,0.0103
447,0.23,-0.10,0.0102
448,0.23,-0.27,0.0104
449,0.31,-0.29,0.0103
450,0.31,-0.31,0.0104
451,0.21,-0.31,0.0102
452,0.21,-0.34,0.0104
453,0.31,-0.37,0.0103
454,0.31,-0.44,0.0104
455,0.43,-0.45,0.0102
456,0.43,-0.47,0.0103
457,0.19,-0.32,0.0103
458,0.19,-0.26,0.0104
459,0.02,-0.12,0.0103
460,0.02,-0.05,0.0104
461,0.01,0.01,0.0103
462,0.01,-0.04,0.0102
463,0.15,-0.01,0.0103
464,0.15,-0.00,0.0104
465,0.23,-0.07,0.0102
466,0.23,-0.10,0.0103
467,0.24,-0.11,0.0103
468,0.24,-0.15,0.0104
469,0.37,-0.20,0.0103
470,0.37,-0.22,0.0104
471,0.44,-0.28,0.0103
472,0.44,-0.31,0.0103
473,0.47,-0.33,0.0102
474,0.47,-0.29,0.0104
475,0.34,-0.26,0.0103
476,0.34,-0.18,0.0103
477,0.21,-0.12,0.0103
478,0.21,-0.05,0.0103
479,0.17,-0.01,0.0103
480,0.17,0.06,0.0102
481,0.22,0.02,0.0103
482,0.22,-0.01,0.0103
483,0.34,-0.04,0.0101
484,0.34,-0.06,0.0104
485,0.35,-0.07,0.0103
486,0.35,-0.00,0.0103
487,-0.01,0.13,0.0101
488,-0.01,0.13,0.0103
489,0.21,0.11,0.0102
490,0.21,0.13,0.0103
491,0.10,0.15,0.0102
492,0.10,0.16,0.0103
493,0.07,0.19,0.0103
494,0.07,0.22,0.0104
495,-0.02,0.25,0.0102
496,-0.02,0.25,0.0103
497,-0.03,0.27,0.0102
498,-0.03,0.04,0.0104
499,0.50,-0.06,0.0103
500,0.50,-0.03,0.0103
501,0.03,0.05,0.0103
502,0.03,0.11,0.0103
503,-0.03,0.15,0.0102
504,-0.03,0.24,0.0104
505,-0.25,0.33,0.0103
506,-0.25,0.41,0.0104
507,-0.38,0.49,0.0103
508,-0.38,0.57,0.0103
509,-0.32,0.51,0.0103
510,-0.32,0.43,0.0103
511,-0.06,0.32,0.0102
512,-0.06,0.36,0.0103
513,-0.27,0.33,0.0103
514,-0.27,0.30,0.0103
515,-0.22,0.29,0.0103
516,-0.22,0.37,0.0104
517,-0.48,0.40,0.0102
518,-0.48,0.36,0.0103
519,-0.31,0.34,0.0102
520,-0.31,0.37,0.0103
521,-0.33,0.30,0.0103
522,-0.33,0.25,0.0103
523,-0.32,0.24,0.0103
524,-0.32,0.20,0.0104
525,-0.25,0.16,0.0103
526,-0.25,0.11,0.0104
527,-0.22,0.08,0.0103
528,-0.22,0.02,0.0103
529,-0.14,-0.02,0.0102
530,-0.14,0.01,0.0104
531,-0.37,0.07,0.0101
532,-0.37,0.11,0.0103
533,-0.45,0.16,0.0102
534,-0.45,0.17,0.0103
535,-0.41,0.18,0.0102
536,-0.41,0.18,0.0104
537,-0.38,0.16,0.0103
538,-0.38,0.10,0.0104
539,-0.27,0.07,0.0103
540,-0.27,0.00,0.0104
541,-0.12,-0.08,0.0101
542,-0.12,-0.05,0.0104
543,-0.34,-0.02,0.0103
544,-0.34,0.01,0.0104
545,-0.33,0.01,0.0103
546,-0.33,0.01,0.0103
547,-0.30,0.01,0.0101
548,-0.30,-0.02,0.0103
549,-0.23,-0.04,0.0103
550,-0.23,-0.03,0.0104
551,-0.27,-0.04,0.0103
552,-0.27,-0.05,0.0104
553,-0.21,-0.07,0.0103
554,-0.21,-0.09,0.0104
555,-0.11,-0.14,0.0103
556,-0.11,-0.00,0.0104
557,-0.80,0.25,0.0102
558,-0.80,0.38,0.0104
559,-0.84,0.47,0.0103
560,-0.84,0.50,0.0104
561,-0.60,0.43,0.0102
562,-0.60,0.02,0.0103
563,0.88,-0.54,0.0102
564,0.88,-0.99,0.0103
565,1.23,-1.26,0.0103
566,1.23,-1.49,0.0103
567,1.39,-1.69,0.0103
568,1.39,-1.38,0.0104
569,0.04,-0.98,0.0103
570,0.04,-0.58,0.0104
571,-0.47,-0.21,0.0103
572,-0.47,0.06,0.0104
573,-0.77,0.41,0.0103
574,-0.77,0.65,0.0103
575,-0.77,0.74,0.0102
576,-0.77,0.77,0.0103
577,-0.72,0.84,0.0103
578,-0.72,0.58,0.0103
579,0.26,0.25,0.0103
580,0.26,-0.20,0.0103
581,0.99,-0.56,0.0103
582,0.99,-0.87,0.0104
583,1.04,-1.00,0.0103
584,1.04,-1.01,0.0104
585,0.39,-0.78,0.0102
586,0.39,-0.70,0.0104
587,0.14,-0.46,0.0103
588,0.14,-0.08,0.0104
589,-0.61,0.21,0.0103
590,-0.61,0.45,0.0103
591,-0.51,0.52,0.0102
592,-0.51,0.55,0.0103
593,-0.31,0.53,0.0103
594,-0.31,0.40,0.0103
595,0.20,0.19,0.0103
596,0.20,-0.02,0.0103
597,0.79,-0.38,0.0103
598,0.79,-0.47,0.0104
599,0.52,-0.51,0.0103
600,0.52,-0.47,0.0104
601,0.31,-0.41,0.0103
602,0.31,-0.34,0.0104
603,0.14,-0.23,0.0103
604,0.14,0.06,0.0103
605,-0.47,0.26,0.0102
606,-0.47,0.26,0.0103
607,0.04,0.20,0.0102
608,0.04,0.15,0.0103
609,0.19,0.07,0.0103
610,0.19,-0.00,0.0103
611,0.26,-0.05,0.0101
612,0.26,-0.08,0.0104
613,0.38,-0.19,0.0103
614,0.38,-0.26,0.0103
615,0.41,-0.28,0.0103
616,0.41,-0.25,0.0104
617,0.38,-0.29,0.0103
618,0.38,-0.16,0.0104
619,-0.18,0.06,0.0103
620,-0.18,0.27,0.0104
621,-0.31,0.34,0.0103
622,-0.31,0.40,0.0104
623,-0.25,0.44,0.0103
624,-0.25,0.43,0.0103
625,-0.14,0.40,0.0102
626,-0.14,0.44,0.0103
627,-0.18,0.38,0.0103
628,-0.18,0.06,0.0104
629,0.53,-0.10,0.0102
630,0.53,-0.23,0.0103
631,0.29,-0.21,0.0103
632,0.29,-0.12,0.0103
633,-0.08,-0.04,0.0103
634,-0.08,-0.04,0.0104
635,0.02,0.01,0.0103
636,0.02,0.18,0.0102
637,-0.26,0.20,0.0103
638,-0.26,0.19,0.0103
639,-0.14,0.22,0.0102
640,-0.14,0.34,0.0103
641,-0.47,0.43,0.0103
642,-0.47,0.47,0.0104
643,-0.54,0.55,0.0103
644,-0.54,0.58,0.0103
645,-0.43,0.53,0.0102
646,-0.43,0.27,0.0103
647,0.06,0.17,0.0102
648,0.06,0.14,0.0103
649,0.04,-0.02,0.0102
650,0.04,-0.24,0.0104
651,0.42,-0.37,0.0103
652,0.42,-0.35,0.0104
653,0.02,-0.29,0.0103
654,0.02,-0.19,0.0104
655,-0.19,-0.10,0.0103
656,-0.19,-0.02,0.0104
657,-0.25,0.05,0.0103
658,-0.25,0.12,0.0103
659,-0.40,0.22,0.0102
660,-0.40,0.29,0.0103
661,-0.50,0.37,0.0102
662,-0.50,0.43,0.0104
663,-0.63,0.51,0.0103
664,-0.63,0.55,0.0103
665,-0.51,0.48,0.0102
666,-0.51,0.22,0.0103
667,0.17,0.02,0.0102
668,0.17,-0.19,0.0103
669,0.51,-0.46,0.0103
670,0.51,-0.59,0.0103
671,0.57,-0.73,0.0103
672,0.57,-0.73,0.0104
673,0.41,-0.74,0.0103
674,0.41,-0.72,0.0104
675,0.39,-0.68,0.0102
676,0.39,-0.54,0.0104
677,-0.31,-0.18,0.0103
678,-0.31,0.07,0.0104
679,-0.53,0.25,0.0102
680,-0.53,0.43,0.0103
681,-0.56,0.49,0.0103
682,-0.56,0.55,0.0103
683,-0.55,0.60,0.0103
684,-0.55,0.61,0.0104
685,-0.09,0.33,0.0103
686,-0.09,0.05,0.0103
687,0.39,-0.14,0.0102
688,0.39,-0.30,0.0103
689,0.33,-0.36,0.0103
690,0.33,-0.41,0.0103
691,0.27,-0.41,0.0103
692,0.27,-0.41,0.0104
693,0.26,-0.42,0.0103
694,0.26,-0.50,0.0104
695,0.28,-0.40,0.0103
696,0.28,-0.09,0.0104
697,-0.54,0.14,0.0103
698,-0.54,0.32,0.0103
699,-0.51,0.41,0.0102
700,-0.51,0.37,0.0103
701,-0.15,0.32,0.0102
702,-0.15,0.30,0.0103
703,0.06,0.11,0.0103
704,0.06,0.04,0.0103
705,0.40,-0.21,0.0103
706,0.40,-0.33,0.0104
707,0.37,-0.37,0.0103
708,0.37,-0.45,0.0104
709,0.53,-0.53,0.0103
710,0.53,-0.56,0.0103
711,0.71,-0.70,0.0103
712,0.71,-0.62,0.0104
713,0.20,-0.43,0.0103
714,0.20,-0.17,0.0104
715,-0.28,0.04,0.0103
716,-0.28,0.25,0.0104
717,-0.33,0.33,0.0102
718,-0.33,0.35,0.0103
719,-0.00,0.27,0.0103
720,-0.00,0.21,0.0103
721,0.08,0.17,0.0102
722,0.08,0.11,0.0103
723,0.13,0.07,0.0102
724,0.13,0.06,0.0103
725,0.15,0.00,0.0102
726,0.15,-0.11,0.0102
727,0.49,-0.25,0.0103
728,0.49,-0.31,0.0104
729,0.42,-0.33,0.0103
730,0.42,-0.36,0.0103
731,0.50,-0.41,0.0103
732,0.50,-0.44,0.0103
733,0.37,-0.34,0.0103
734,0.37,-0.04,0.0104
735,-0.45,0.22,0.0103
736,-0.45,0.49,0.0104
737,-0.59,0.61,0.0103
738,-0.59,0.63,0.0104
739,-0.43,0.69,0.0103
740,-0.43,0.73,0.0104
741,-0.49,0.73,0.0102
742,-0.49,0.75,0.0103
743,-0.19,0.52,0.0103
744,-0.19,0.27,0.0104
745,0.37,0.02,0.0103
746,0.37,-0.10,0.0103
747,0.31,-0.22,0.0103
748,0.31,-0.23,0.0104
749,0.07,-0.19,0.0103
750,0.07,-0.06,0.0104
751,-0.28,0.05,0.0103
752,-0.28,0.11,0.0104
753,-0.30,0.20,0.0102
754,-0.30,0.31,0.0103
755,-0.49,0.38,0.0103
756,-0.49,0.45,0.0104
757,-0.58,0.52,0.0103
758,-0.58,0.43,0.0104
759,-0.41,0.45,0.0103
760,-0.41,0.39,0.0103
761,-0.18,0.25,0.0103
762,-0.18,0.15,0.0103
763,-0.10,0.07,0.0103
764,-0.10,-0.05,0.0104
765,-0.02,-0.09,0.0103
766,-0.02,0.00,0.0104
767,-0.45,0.10,0.0102
768,-0.45,0.15,0.0104
769,-0.49,0.22,0.0103
770,-0.49,0.23,0.0104
771,-0.41,0.22,0.0102
772,-0.41,0.21,0.0103
773,-0.37,0.19,0.0103
774,-0.37,0.15,0.0104
775,-0.26,0.09,0.0103
776,-0.26,0.00,0.0104
777,-0.13,-0.05,0.0102
778,-0.13,-0.03,0.0104
779,-0.32,-0.01,0.0103
780,-0.32,0.05,0.0104
781,-0.44,0.09,0.0103
782,-0.44,0.09,0.0103
783,-0.37,0.09,0.0102
784,-0.37,0.03,0.0104
785,-0.07,-0.09,0.0103
786,-0.07,-0.22,0.0104
787,-0.05,-0.20,0.0103
788,-0.05,-0.20,0.0104
789,-0.13,-0.20,0.0103
790,-0.13,-0.20,0.0104
791,-0.12,-0.20,0.0103
792,-0.12,-0.23,0.0104
793,-0.02,-0.24,0.0103
794,-0.02,-0.26,0.0104
795,0.04,-0.29,0.0103
796,0.04,-0.35,0.0104
797,0.15,-0.37,0.0103
798,0.15,-0.29,0.0104
799,-0.18,-0.18,0.0103
800,-0.18,-0.22,0.0104
801,0.08,-0.23,0.0103
802,0.08,-0.16,0.0103
803,-0.03,-0.17,0.0103
804,-0.03,-0.29,0.0104
805,0.33,-0.35,0.0103
806,0.33,-0.33,0.0104
807,0.22,-0.36,0.0103
808,0.22,-0.40,0.0103
809,0.32,-0.40,0.0103
810,0.32,-0.44,0.0104
811,0.50,-0.52,0.0103
812,0.50,-0.57,0.0103
813,0.59,-0.60,0.0103
814,0.59,-0.59,0.0104
815,0.56,-0.59,0.0103
816,0.56,-0.53,0.0104
817,0.41,-0.45,0.0103
818,0.41,-0.35,0.0103
819,0.25,-0.25,0.0102
820,0.25,-0.10,0.0103
821,0.02,0.02,0.0103
822,0.02,0.12,0.0103
823,0.17,0.08,0.0102
824,0.17,-0.05,0.0103
825,0.57,-0.14,0.0103
826,0.57,-0.24,0.0104
827,0.83,-0.42,0.0103
828,0.83,-0.37,0.0104
829,0.34,-0.24,0.0102
830,0.34,-0.18,0.0103
831,0.31,-0.11,0.0103
832,0.31,0.00,0.0103
833,0.06,0.12,0.0101
834,0.06,0.17,0.0103
835,0.29,0.10,0.0102
836,0.29,-0.00,0.0103
837,0.59,-0.09,0.0101
838,0.59,-0.14,0.0104
839,0.57,-0.19,0.0103
840,0.57,-0.26,0.0104
841,0.23,-0.02,0.0102
842,0.23,0.05,0.0104
843,0.36,-0.01,0.0102
844,0.36,-0.04,0.0102
845,0.44,-0.05,0.0103
846,0.44,-0.05,0.0104
847,0.36,-0.01,0.0103
848,0.36,0.01,0.0103
849,0.25,0.07,0.0101
850,0.25,0.12,0.0103
851,0.23,0.12,0.0103
852,0.23,0.15,0.0103
853,0.18,0.18,0.0102
854,0.18,0.22,0.0103
855,0.10,0.24,0.0102
856,0.10,0.30,0.0103
857,0.15,0.24,0.0102
858,0.15,0.23,0.0103
859,0.35,0.09,0.0103
860,0.35,0.05,0.0103
861,0.25,0.07,0.0102
862,0.25,-0.00,0.0103
863,0.46,-0.08,0.0102
864,0.46,-0.08,0.0104
865,0.17,0.02,0.0103
866,0.17,0.13,0.0103
867,-0.07,0.23,0.0102
868,-0.07,0.37,0.0103
869,-0.32,0.48,0.0103
870,-0.32,0.61,0.0103
871,-0.54,0.73,0.0102
872,-0.54,0.94,0.0103
873,-0.65,0.89,0.0103
874,-0.65,0.85,0.0104
875,-0.44,0.79,0.0103
876,-0.44,0.75,0.0104
877,-0.43,0.68,0.0103
878,-0.43,0.59,0.0104
879,-0.32,0.51,0.0103
880,-0.32,0.43,0.0104
881,-0.23,0.32,0.0103
882,-0.23,0.21,0.0103
883,-0.11,0.12,0.0102
884,-0.11,0.02,0.0104
885,-0.05,-0.03,0.0103
886,-0.05,-0.01,0.0104
887,-0.31,0.05,0.0102
888,-0.31,0.12,0.0104
889,-0.52,0.21,0.0102
890,-0.52,0.30,0.0103
891,-0.63,0.36,0.0102
892,-0.63,0.36,0.0104
893,-0.55,0.37,0.0102
894,-0.55,0.32,0.0103
895,-0.37,0.25,0.0103
896,-0.37,0.15,0.0104
897,-0.21,0.06,0.0103
898,-0.21,-0.07,0.0104
899,0.05,-0.21,0.0103
900,0.05,-0.16,0.0104
901,-0.37,-0.09,0.0103
902,-0.37,0.03,0.0104
903,-0.62,0.14,0.0102
904,-0.62,0.21,0.0103
905,-0.42,0.13,0.0103
906,-0.42,0.11,0.0104
907,-0.18,-0.02,0.0103
908,-0.18,-0.16,0.0104
909,-0.09,-0.17,0.0103
910,-0.09,-0.08,0.0104
911,-0.48,0.00,0.0103
912,-0.48,0.06,0.0102
913,-0.44,0.07,0.0103
914,-0.44,0.11,0.0103
915,-0.54,0.17,0.0102
916,-0.54,0.05,0.0104
917,-0.04,-0.09,0.0103
918,-0.04,-0.14,0.0104
919,-0.16,-0.16,0.0103
920,-0.16,-0.17,0.0104
921,-0.21,-0.16,0.0103
922,-0.21,-0.17,0.0104
923,-0.18,-0.17,0.0103
924,-0.18,-0.19,0.0104
925,-0.09,-0.21,0.0103
926,-0.09,-0.24,0.0104
927,-0.05,-0.25,0.0103
928,-0.05,-0.27,0.0104
929,-0.10,-0.23,0.0103
930,-0.10,-0.13,0.0104
931,-0.27,-0.09,0.0103
932,-0.27,-0.09,0.0104
933,-0.24,-0.03,0.0103
934,-0.24,0.12,0.0104
935,-0.48,0.15,0.0103
936,-0.48,0.08,0.0103
937,-0.13,0.03,0.0102
938,-0.13,-0.04,0.0103
939,-0.01,-0.11,0.0103
940,-0.01,-0.18,0.0104
941,0.08,-0.24,0.0103
942,0.08,-0.31,0.0104
943,0.25,-0.40,0.0103
944,0.25,-0.49,0.0104
945,0.42,-0.57,0.0103
946,0.42,-0.68,0.0103
947,0.75,-0.84,0.0103
948,0.75,-0.62,0.0104
949,-0.09,-0.41,0.0103
950,-0.09,-0.31,0.0104
951,0.20,-0.33,0.0103
952,0.20,-0.22,0.0104
953,-0.09,-0.08,0.0103
954,-0.09,0.00,0.0104
955,-0.01,0.01,0.0101
956,-0.01,0.05,0.0102
957,0.10,-0.01,0.0103
958,0.10,-0.12,0.0102
959,0.48,-0.25,0.0103
960,0.48,-0.33,0.0103
961,0.53,-0.40,0.0102
962,0.53,-0.46,0.0103
963,0.59,-0.49,0.0103
964,0.59,-0.51,0.0103
965,0.55,-0.49,0.0103
966,0.55,-0.44,0.0104
967,0.31,-0.32,0.0103
968,0.31,-0.22,0.0104
969,0.13,-0.08,0.0103
970,0.13,0.03,0.0104
971,0.05,0.10,0.0102
972,0.05,0.05,0.0103
973,0.53,-0.09,0.0102
974,0.53,-0.19,0.0103
975,0.65,-0.27,0.0103
976,0.65,-0.35,0.0104
977,0.58,-0.31,0.0103
978,0.58,-0.18,0.0103
979,0.15,-0.05,0.0103
980,0.15,0.06,0.0104
981,-0.02,0.21,0.0102
982,-0.02,0.20,0.0103
983,0.31,0.13,0.0102
984,0.31,0.07,0.0103
985,0.46,-0.01,0.0103
986,0.46,-0.11,0.0104
987,0.60,-0.18,0.0103
988,0.60,-0.19,0.0104
989,0.33,-0.09,0.0103
990,0.33,-0.13,0.0104
991,0.22,0.03,0.0103
992,0.22,0.05,0.0103
993,0.22,0.10,0.0102
994,0.22,0.10,0.0103
995,0.31,0.07,0.0102
996,0.31,0.02,0.0103
997,0.36,0.03,0.0102
998,0.36,0.04,0.0104
999,0.27,0.05,0.0102
1000,0.27,-0.34,0.0103
1001,1.25,-0.54,0.0103
1002,1.25,-0.81,0.0104
1003,1.43,-0.95,0.0103
1004,1.43,-0.93,0.0104
1005,0.28,-0.41,0.0103
1006,0.28,0.03,0.0104
1007,-0.84,0.61,0.0103
1008,-0.84,1.09,0.0104
1009,-1.29,1.42,0.0103
1010,-1.29,1.71,0.0104
1011,-0.71,1.42,0.0103
1012,-0.71,1.25,0.0104
1013,-0.30,1.08,0.0103
1014,-0.30,0.93,0.0104
1015,-0.02,0.65,0.0103
1016,-0.02,0.43,0.0104
1017,0.12,0.28,0.0103
1018,0.12,0.17,0.0104
1019,-0.05,0.16,0.0103
1020,-0.05,0.08,0.0104
1021,0.06,0.02,0.0103
1022,0.06,-0.02,0.0104
1023,-0.02,-0.01,0.0103
1024,-0.02,0.05,0.0104
1025,-0.35,0.17,0.0103
1026,-0.35,0.27,0.0104
1027,-0.56,0.39,0.0103
1028,-0.56,0.41,0.0104
1029,-0.41,0.40,0.0103
1030,-0.41,0.39,0.0104
1031,-0.45,0.41,0.0103
1032,-0.45,0.35,0.0104
1033,-0.34,0.31,0.0103
1034,-0.34,0.25,0.0104
1035,-0.24,0.18,0.0103
1036,-0.24,0.11,0.0104
1037,-0.12,0.02,0.0103
1038,-0.12,-0.04,0.0104
1039,-0.17,-0.04,0.0103
1040,-0.17,0.04,0.0104
1041,-0.46,0.11,0.0103
1042,-0.46,0.18,0.0104
1043,-0.54,0.23,0.0103
1044,-0.54,0.24,0.0104
1045,-0.47,0.24,0.0103
1046,-0.47,0.20,0.0104
1047,-0.31,0.14,0.0103
1048,-0.31,0.02,0.0104
1049,-0.07,-0.08,0.0103
1050,-0.07,-0.12,0.0104
1051,-0.19,-0.12,0.0103
1052,-0.19,-0.09,0.0104
1053,-0.31,-0.06,0.0103
1054,-0.31,-0.03,0.0104
1055,-0.34,-0.00,0.0103
1056,-0.34,0.00,0.0103
1057,-0.33,0.02,0.0102
1058,-0.33,0.05,0.0104
1059,-0.41,0.08,0.0103
1060,-0.41,0.08,0.0104
1061,-0.37,0.08,0.0103
1062,-0.37,0.09,0.0104
1063,-0.04,-0.12,0.0103
1064,-0.04,-0.10,0.0104
1065,0.09,-0.31,0.0103
1066,0.09,-0.45,0.0104
1067,0.25,-0.49,0.0103
1068,0.25,-0.54,0.0104
1069,0.25,-0.56,0.0103
1070,0.25,-0.60,0.0104
1071,0.28,-0.59,0.0103
1072,0.28,-0.51,0.0104
1073,0.28,-0.56,0.0103
1074,0.28,-0.43,0.0104
1075,-0.07,-0.30,0.0103
1076,-0.07,-0.19,0.0104
1077,0.06,-0.21,0.0103
1078,0.06,-0.23,0.0104
1079,0.03,-0.13,0.0103
1080,0.03,-0.10,0.0104
1081,0.17,-0.16,0.0103
1082,0.17,-0.22,0.0104
1083,0.24,-0.21,0.0103
1084,0.24,-0.24,0.0104
1085,0.36,-0.30,0.0103
1086,0.36,-0.34,0.0104
1087,0.40,-0.36,0.0103
1088,0.40,-0.40,0.0104
1089,0.49,-0.42,0.0103
1090,0.49,-0.45,0.0104
1091,0.53,-0.45,0.0103
1092,0.53,-0.42,0.0104
1093,0.38,-0.35,0.0103
1094,0.38,-0.27,0.0104
1095,0.12,-0.11,0.0103
1096,0.12,-0.06,0.0104
1097,0.12,0.03,0.0103
1098,0.12,0.07,0.0104
1099,0.28,0.00,0.0103
1100,0.28,-0.07,0.0103
1101,0.55,-0.18,0.0103
1102,0.55,-0.26,0.0104
1103,0.55,-0.26,0.0103
1104,0.55,-0.20,0.0104
1105,0.31,-0.15,0.0103
1106,0.31,-0.05,0.0104
1107,0.11,0.05,0.0103
1108,0.11,0.09,0.0104
1109,0.28,0.05,0.0103
1110,0.28,-0.03,0.0104
1111,0.49,-0.08,0.0103
1112,0.49,-0.13,0.0104
1113,0.59,-0.21,0.0103
1114,0.59,-0.15,0.0104
1115,0.20,-0.03,0.0103
1116,0.20,0.05,0.0104
1117,0.10,0.14,0.0103
1118,0.10,0.15,0.0104
1119,0.22,0.14,0.0103
1120,0.22,0.14,0.0104
1121,0.30,0.09,0.0103
1122,0.30,0.06,0.0104
1123,0.29,0.06,0.0103
1124,0.29,0.10,0.0104
1125,0.18,0.11,0.0103
1126,0.18,-0.18,0.0104
1127,0.98,-0.37,0.0103
1128,0.98,-0.64,0.0104
1129,1.22,-0.75,0.0103
1130,1.22,-0.73,0.0104
1131,0.58,-0.53,0.0103
1132,0.58,0.19,0.0104
1133,-1.19,0.72,0.0103
1134,-1.19,1.22,0.0104
1135,-1.63,1.64,0.0103
1136,-1.63,1.68,0.0104
1137,-0.67,1.47,0.0103
1138,-0.67,1.18,0.0104
1139,-0.08,0.91,0.0103
1140,-0.08,0.70,0.0104
1141,0.21,0.37,0.0103
1142,0.21,0.18,0.0104
1143,0.34,-0.04,0.0103
1144,0.34,-0.15,0.0104
1145,0.31,-0.25,0.0103
1146,0.31,-0.21,0.0104
1147,-0.17,-0.06,0.0103
1148,-0.17,0.10,0.0104
1149,-0.45,0.23,0.0103
1150,-0.45,0.38,0.0104
1151,-0.72,0.54,0.0103
1152,-0.72,0.68,0.0104
1153,-0.88,0.78,0.0103
1154,-0.88,0.96,0.0104
1155,-0.20,0.45,0.0103
1156,-0.20,0.22,0.0104
1157,0.21,-0.02,0.0103
1158,0.21,-0.06,0.0104
1159,-0.33,0.05,0.0103
1160,-0.33,0.23,0.0104
1161,-0.79,0.37,0.0103
1162,-0.79,0.41,0.0104
1163,-0.51,0.35,0.0103
1164,-0.51,0.38,0.0104
1165,-0.62,0.39,0.0103
1166,-0.62,0.20,0.0104
1167,-0.13,0.08,0.0103
1168,-0.13,0.01,0.0104
1169,-0.05,-0.15,0.0102
1170,-0.05,-0.22,0.0104
1171,-0.19,-0.18,0.0103
1172,-0.19,-0.06,0.0104
1173,-0.60,0.07,0.0103
1174,-0.60,0.20,0.0104
1175,-0.75,0.30,0.0103
1176,-0.75,0.33,0.0104
1177,-0.58,0.30,0.0103
1178,-0.58,0.14,0.0104
1179,-0.10,-0.01,0.0103
1180,-0.10,-0.13,0.0104
1181,0.00,-0.25,0.0103
1182,0.00,-0.28,0.0104
1183,-0.20,-0.24,0.0103
1184,-0.20,-0.20,0.0104
1185,-0.30,-0.16,0.0103
1186,-0.30,-0.11,0.0104
1187,-0.32,-0.09,0.0103
1188,-0.32,-0.06,0.0104
1189,-0.41,0.01,0.0103
1190,-0.41,0.06,0.0103
1191,-0.85,0.33,0.0103
1192,-0.85,0.50,0.0104
1193,-1.01,0.59,0.0103
1194,-1.01,0.56,0.0104
1195,-0.50,0.38,0.0103
1196,-0.50,-0.02,0.0104
1197,0.51,-0.38,0.0103
1198,0.51,-0.69,0.0104
1199,0.81,-0.97,0.0103
1200,0.81,-1.10,0.0104
1201,0.84,-1.25,0.0103
1202,0.84,-0.95,0.0104
1203,-0.26,-0.66,0.0103
1204,-0.26,-0.36,0.0104
1205,-0.47,-0.15,0.0103
1206,-0.47,-0.01,0.0104
1207,-0.59,0.22,0.0102
1208,-0.59,0.39,0.0104
1209,-0.75,0.51,0.0103
1210,-0.75,0.59,0.0104
1211,-0.65,0.57,0.0102
1212,-0.65,0.60,0.0104
1213,0.00,0.17,0.0103
1214,0.00,-0.21,0.0104
1215,0.97,-0.66,0.0103
1216,0.97,-0.97,0.0104
1217,1.07,-1.14,0.0103
1218,1.07,-1.20,0.0104
1219,0.79,-1.17,0.0103
1220,0.79,-0.62,0.0104
1221,-0.55,-0.29,0.0103
1222,-0.55,-0.02,0.0104
1223,-0.23,0.03,0.0103
1224,-0.23,0.27,0.0104
1225,-0.60,0.43,0.0103
1226,-0.60,0.57,0.0104
1227,-0.57,0.61,0.0103
1228,-0.57,0.56,0.0104
1229,-0.17,0.43,0.0103
1230,-0.17,0.11,0.0104
1231,0.62,-0.19,0.0103
1232,0.62,-0.43,0.0104
1233,0.69,-0.56,0.0103
1234,0.69,-0.71,0.0104
1235,0.87,-0.85,0.0103
1236,0.87,-1.02,0.0104
1237,1.04,-1.06,0.0103
1238,1.04,-0.55,0.0104
1239,-0.59,-0.11,0.0103
1240,-0.59,0.24,0.0104
1241,-0.50,0.38,0.0103
1242,-0.50,0.57,0.0104
1243,-0.55,0.66,0.0103
1244,-0.55,0.62,0.0104
1245,-0.12,0.51,0.0103
1246,-0.12,0.39,0.0104
1247,0.08,0.27,0.0103
1248,0.08,-0.09,0.0104
1249,1.02,-0.46,0.0103
1250,1.02,-0.81,0.0104
1251,1.35,-1.05,0.0103
1252,1.35,-1.14,0.0104
1253,0.99,-1.09,0.0103
1254,0.99,-0.74,0.0104
1255,-0.25,-0.28,0.0103
1256,-0.25,0.05,0.0104
1257,-0.51,0.36,0.0103
1258,-0.51,0.54,0.0104
1259,-0.39,0.62,0.0103
1260,-0.39,0.60,0.0104
1261,-0.04,0.50,0.0103
1262,-0.04,0.34,0.0104
1263,0.31,0.20,0.0103
1264,0.31,0.07,0.0104
1265,0.47,-0.09,0.0103
1266,0.47,-0.26,0.0104
1267,0.97,-0.55,0.0103
1268,0.97,-0.66,0.0104
1269,1.00,-0.79,0.0103
1270,1.00,-0.92,0.0104
1271,0.79,-0.75,0.0103
1272,0.79,-0.38,0.0104
1273,-0.64,0.20,0.0103
1274,-0.64,0.68,0.0104
1275,-1.00,0.95,0.0103
1276,-1.00,1.06,0.0104
1277,-0.68,1.11,0.0103
1278,-0.68,0.91,0.0104
1279,0.26,0.55,0.0103
1280,0.26,0.25,0.0104
1281,0.57,0.00,0.0103
1282,0.57,-0.27,0.0103
1283,0.80,-0.44,0.0103
1284,0.80,-0.57,0.0104
1285,0.74,-0.62,0.0103
1286,0.74,-0.61,0.0104
1287,0.64,-0.62,0.0103
1288,0.64,-0.39,0.0104
1289,0.28,-0.36,0.0103
1290,0.28,0.05,0.0104
1291,-0.72,0.42,0.0103
1292,-0.72,0.71,0.0104
1293,-0.91,0.95,0.0103
1294,-0.91,1.06,0.0104
1295,-0.57,0.97,0.0103
1296,-0.57,0.68,0.0104
1297,0.15,0.49,0.0103
1298,0.15,0.20,0.0104
1299,0.25,0.12,0.0103
1300,0.25,-0.10,0.0104
1301,0.48,-0.24,0.0103
1302,0.48,-0.25,0.0104
1303,0.12,-0.20,0.0103
1304,0.12,-0.16,0.0104
1305,-0.03,-0.07,0.0103
1306,-0.03,0.07,0.0104
1307,-0.29,0.16,0.0103
1308,-0.29,0.23,0.0104
1309,-0.38,0.34,0.0103
1310,-0.38,0.48,0.0104
1311,-0.68,0.60,0.0103
1312,-0.68,0.72,0.0104
1313,-0.95,0.88,0.0103
1314,-0.95,0.90,0.0104
1315,-0.48,0.69,0.0103
1316,-0.48,0.44,0.0104
1317,0.17,0.13,0.0103
1318,0.17,-0.07,0.0104
1319,0.37,-0.30,0.0103
1320,0.37,-0.49,0.0104
1321,0.44,-0.58,0.0103
1322,0.44,-0.60,0.0104
1323,0.08,-0.46,0.0103
1324,0.08,-0.32,0.0104
1325,-0.45,-0.05,0.0103
1326,-0.45,0.30,0.0104
1327,-1.06,0.56,0.0103
1328,-1.06,0.74,0.0104
1329,-1.22,0.97,0.0103
1330,-1.22,1.18,0.0104
1331,-1.42,1.26,0.0103
1332,-1.42,0.94,0.0104
1333,0.05,0.44,0.0103
1334,0.05,-0.01,0.0104
1335,0.35,-0.24,0.0103
1336,0.35,-0.42,0.0104
1337,0.21,-0.52,0.0103
1338,0.21,-0.47,0.0104
1339,-0.25,-0.36,0.0103
1340,-0.25,-0.19,0.0104
1341,-0.64,0.00,0.0103
1342,-0.64,0.24,0.0103
1343,-1.07,0.46,0.0103
1344,-1.07,0.68,0.0104
1345,-1.34,0.86,0.0103
1346,-1.34,0.82,0.0104
1347,-0.90,0.75,0.0103
1348,-0.90,0.63,0.0104
1349,0.00,0.09,0.0103
1350,0.00,-0.42,0.0104
1351,0.58,-0.64,0.0103
1352,0.58,-0.80,0.0104
1353,0.36,-0.87,0.0103
1354,0.36,-0.87,0.0104
1355,-0.11,-0.66,0.0103
1356,-0.11,-0.33,0.0104
1357,-1.03,0.07,0.0103
1358,-1.03,0.42,0.0104
1359,-1.39,0.69,0.0103
1360,-1.39,0.84,0.0104
1361,-1.20,0.88,0.0103
1362,-1.20,0.59,0.0104
1363,0.17,0.09,0.0103
1364,0.17,-0.33,0.0104
1365,0.47,-0.55,0.0103
1366,0.47,-0.64,0.0104
1367,0.21,-0.71,0.0103
1368,0.21,-0.64,0.0104
1369,-0.15,-0.53,0.0103
1370,-0.15,-0.36,0.0104
1371,-0.49,-0.18,0.0103
1372,-0.49,0.02,0.0104
1373,-0.72,0.16,0.0103
1374,-0.72,0.28,0.0104
1375,-0.85,0.42,0.0103
1376,-0.85,0.60,0.0104
1377,-1.09,0.69,0.0103
1378,-1.09,0.59,0.0104
1379,-0.65,0.53,0.0103
1380,-0.65,0.14,0.0104
1381,0.18,-0.11,0.0103
1382,0.18,-0.45,0.0104
1383,0.41,-0.60,0.0103
1384,0.41,-0.70,0.0104
1385,0.21,-0.72,0.0103
1386,0.21,-0.64,0.0104
1387,-0.23,-0.47,0.0103
1388,-0.23,-0.35,0.0104
1389,-0.28,-0.27,0.0103
1390,-0.28,-0.07,0.0104
1391,-0.59,0.05,0.0103
1392,-0.59,0.13,0.0104
1393,-0.55,0.21,0.0103
1394,-0.55,0.30,0.0104
1395,-0.81,0.44,0.0103
1396,-0.81,0.52,0.0104
1397,-0.76,0.51,0.0103
1398,-0.76,0.31,0.0104
1399,0.34,-0.16,0.0103
1400,0.34,-0.45,0.0104
1401,0.56,-0.66,0.0103
1402,0.56,-0.78,0.0104
1403,0.40,-0.80,0.0103
1404,0.40,-0.75,0.0104
1405,0.15,-0.68,0.0103
1406,0.15,-0.59,0.0104
1407,-0.30,-0.28,0.0103
1408,-0.30,-0.11,0.0104
1409,-0.35,-0.01,0.0103
1410,-0.35,0.10,0.0104
1411,-0.68,0.34,0.0103
1412,-0.68,0.52,0.0104
1413,-0.78,0.58,0.0103
1414,-0.78,0.63,0.0104
1415,-0.75,0.66,0.0103
1416,-0.75,0.61,0.0104
1417,0.19,0.08,0.0103
1418,0.19,-0.27,0.0104
1419,0.65,-0.53,0.0103
1420,0.65,-0.71,0.0104
1421,0.61,-0.82,0.0103
1422,0.61,-0.78,0.0104
1423,0.33,-0.75,0.0103
1424,0.33,-0.74,0.0104
1425,0.16,-0.56,0.0103
1426,0.16,-0.24,0.0104
1427,-0.68,0.10,0.0103
1428,-0.68,0.30,0.0104
1429,-0.47,0.33,0.0103
1430,-0.47,0.30,0.0104
1431,-0.17,0.26,0.0103
1432,-0.17,0.22,0.0104
1433,-0.06,0.13,0.0103
1434,-0.06,-0.15,0.0104
1435,0.58,-0.34,0.0103
1436,0.58,-0.44,0.0104
1437,0.38,-0.47,0.0103
1438,0.38,-0.50,0.0104
1439,0.44,-0.54,0.0103
1440,0.44,-0.53,0.0104
1441,0.09,-0.33,0.0103
1442,0.09,-0.01,0.0104
1443,-0.63,0.25,0.0102
1444,-0.63,0.33,0.0104
1445,-0.13,0.25,0.0103
1446,-0.13,0.16,0.0104
1447,0.12,0.08,0.0103
1448,0.12,0.01,0.0104
1449,0.21,-0.07,0.0102
1450,0.21,-0.10,0.0104
1451,0.33,-0.22,0.0103
1452,0.33,-0.34,0.0104
1453,0.52,-0.42,0.0103
1454,0.52,-0.47,0.0104
1455,0.65,-0.58,0.0103
1456,0.65,-0.67,0.0104
1457,0.46,-0.52,0.0103
1458,0.46,-0.20,0.0104
1459,-0.57,0.18,0.0103
1460,-0.57,0.43,0.0104
1461,-0.38,0.45,0.0103
1462,-0.38,0.34,0.0104
1463,0.25,0.19,0.0103
1464,0.25,0.07,0.0104
1465,0.29,-0.00,0.0103
1466,0.29,-0.13,0.0103
1467,0.62,-0.31,0.0103
1468,0.62,-0.43,0.0104
1469,0.61,-0.46,0.0103
1470,0.61,-0.58,0.0104
1471,0.96,-0.73,0.0103
1472,0.96,-0.73,0.0104
1473,0.26,-0.40,0.0103
1474,0.26,0.02,0.0104
1475,-0.66,0.38,0.0103
1476,-0.66,0.64,0.0104
1477,-0.65,0.78,0.0103
1478,-0.65,0.77,0.0104
1479,0.06,0.52,0.0103
1480,0.06,0.43,0.0104
1481,0.38,0.14,0.0103
1482,0.38,-0.12,0.0104
1483,0.76,-0.31,0.0103
1484,0.76,-0.47,0.0104
1485,0.90,-0.63,0.0103
1486,0.90,-0.76,0.0104
1487,1.07,-0.88,0.0103
1488,1.07,-0.66,0.0104
1489,0.06,-0.34,0.0103
1490,0.06,0.23,0.0104
1491,-0.88,0.57,0.0103
1492,-0.88,0.74,0.0104
1493,-0.52,0.82,0.0103
1494,-0.52,0.86,0.0104
1495,-0.38,0.82,0.0103
1496,-0.38,0.42,0.0104
1497,0.71,0.10,0.0103
1498,0.71,-0.20,0.0104
1499,1.03,-0.51,0.0103
1500,1.03,-0.73,0.0104
1501,1.14,-0.89,0.0103
1502,1.14,-1.06,0.0104
1503,1.50,-1.27,0.0103
1504,1.50,-0.84,0.0104
1505,-0.27,-0.30,0.0103
1506,-0.27,0.15,0.0104
1507,-0.53,0.41,0.0103
1508,-0.53,0.52,0.0104
1509,-0.10,0.52,0.0103
1510,-0.10,0.47,0.0104
1511,0.24,0.34,0.0103
1512,0.24,0.15,0.0104
1513,0.71,-0.07,0.0103
1514,0.71,-0.29,0.0104
1515,1.12,-0.55,0.0103
1516,1.12,-0.78,0.0104
1517,1.40,-0.95,0.0103
1518,1.40,-0.93,0.0104
1519,0.78,-0.74,0.0103
1520,0.78,-0.48,0.0104
1521,0.05,-0.13,0.0103
1522,0.05,0.11,0.0104
1523,-0.28,0.43,0.0103
1524,-0.28,0.64,0.0104
1525,-0.31,0.73,0.0103
1526,-0.31,0.73,0.0104
1527,0.05,0.64,0.0103
1528,0.05,0.46,0.0104
1529,0.47,0.28,0.0103
1530,0.47,0.07,0.0104
1531,0.87,-0.18,0.0103
1532,0.87,-0.55,0.0104
1533,1.46,-0.79,0.0103
1534,1.46,-0.99,0.0104
1535,1.67,-1.21,0.0103
1536,1.67,-1.44,0.0104
1537,1.17,-1.06,0.0103
1538,1.17,-0.59,0.0104
1539,-0.31,-0.00,0.0103
1540,-0.31,0.55,0.0103
1541,-0.81,0.90,0.0103
1542,-0.81,1.30,0.0104
1543,-1.22,1.60,0.0103
1544,-1.22,1.81,0.0104
1545,-1.40,2.01,0.0103
1546,-1.40,1.51,0.0104
1547,0.30,1.06,0.0103
1548,0.30,0.60,0.0104
1549,0.83,0.13,0.0103
1550,0.83,-0.22,0.0104
1551,1.39,-0.74,0.0103
1552,1.39,-1.18,0.0104
1553,1.97,-1.54,0.0103
1554,1.97,-2.06,0.0104
1555,1.58,-1.65,0.0103
1556,1.58,-1.22,0.0104
1557,0.24,-0.78,0.0103
1558,0.24,-0.43,0.0104
1559,-0.09,-0.04,0.0103
1560,-0.09,0.51,0.0104
1561,-1.10,1.00,0.0103
1562,-1.10,1.36,0.0104
1563,-1.30,1.64,0.0103
1564,-1.30,1.86,0.0104
1565,-0.85,1.62,0.0103
1566,-0.85,0.93,0.0104
1567,0.99,0.37,0.0103
1568,0.99,0.00,0.0104
1569,1.18,-0.46,0.0102
1570,1.18,-0.74,0.0104
1571,1.49,-1.10,0.0103
1572,1.49,-1.39,0.0104
1573,1.50,-1.39,0.0103
1574,1.50,-1.18,0.0104
1575,0.60,-0.91,0.0103
1576,0.60,-0.32,0.0104
1577,-0.63,0.17,0.0103
1578,-0.63,0.54,0.0104
1579,-0.72,0.83,0.0103
1580,-0.72,1.06,0.0104
1581,-0.90,1.25,0.0103
1582,-0.90,1.46,0.0104
1583,-0.38,1.09,0.0103
1584,-0.38,0.77,0.0104
1585,0.38,0.46,0.0103
1586,0.38,0.17,0.0104
1587,0.70,-0.12,0.0103
1588,0.70,-0.16,0.0104
1589,0.71,-0.44,0.0103
1590,0.71,-0.68,0.0104
1591,1.04,-0.80,0.0103
1592,1.04,-0.90,0.0104
1593,0.94,-0.88,0.0103
1594,0.94,-0.51,0.0104
1595,-0.06,-0.26,0.0103
1596,-0.06,0.18,0.0104
1597,-0.61,0.44,0.0103
1598,-0.61,0.85,0.0104
1599,-1.26,1.21,0.0103
1600,-1.26,1.36,0.0104
1601,-0.65,1.18,0.0103
1602,-0.65,0.98,0.0104
1603,0.41,0.44,0.0103
1604,0.41,0.09,0.0104
1605,0.60,-0.11,0.0103
1606,0.60,-0.44,0.0104
1607,0.88,-0.59,0.0103
1608,0.88,-0.78,0.0104
1609,0.90,-0.83,0.0103
1610,0.90,-0.90,0.0104
1611,0.28,-0.54,0.0103
1612,0.28,-0.15,0.0104
1613,-1.00,0.46,0.0103
1614,-1.00,0.85,0.0104
1615,-1.30,1.16,0.0103
1616,-1.30,1.25,0.0104
1617,-0.76,1.15,0.0103
1618,-0.76,0.74,0.0104
1619,0.16,0.51,0.0103
1620,0.16,0.20,0.0104
1621,0.38,-0.02,0.0103
1622,0.38,-0.25,0.0104
1623,0.67,-0.49,0.0103
1624,0.67,-0.59,0.0104
1625,0.45,-0.59,0.0103
1626,0.45,-0.56,0.0104
1627,0.25,-0.48,0.0103
1628,0.25,-0.10,0.0104
1629,-0.81,0.26,0.0103
1630,-0.81,0.63,0.0104
1631,-1.21,0.91,0.0103
1632,-1.21,1.12,0.0104
1633,-1.22,1.22,0.0103
1634,-1.22,0.92,0.0104
1635,-0.01,0.57,0.0103
1636,-0.01,0.18,0.0104
1637,0.49,-0.14,0.0103
1638,0.49,-0.34,0.0104
1639,0.42,-0.48,0.0103
1640,0.42,-0.54,0.0104
1641,0.10,-0.45,0.0103
1642,0.10,-0.36,0.0104
1643,-0.11,-0.27,0.0103
1644,-0.11,-0.20,0.0104
1645,-0.37,0.00,0.0103
1646,-0.37,0.15,0.0103
1647,-0.55,0.27,0.0103
1648,-0.55,0.41,0.0104
1649,-0.83,0.57,0.0103
1650,-0.83,0.65,0.0104
1651,-0.66,0.60,0.0103
1652,-0.66,0.44,0.0104
1653,0.07,0.13,0.0103
1654,0.07,-0.23,0.0104
1655,0.67,-0.51,0.0103
1656,0.67,-0.67,0.0104
1657,0.49,-0.73,0.0103
1658,0.49,-0.71,0.0104
1659,0.35,-0.71,0.0103
1660,0.35,-0.64,0.0104
1661,-0.01,-0.44,0.0103
1662,-0.01,0.07,0.0104
1663,-0.98,0.34,0.0103
1664,-0.98,0.58,0.0104
1665,-1.00,0.77,0.0103
1666,-1.00,0.86,0.0104
1667,-0.55,0.68,0.0103
1668,-0.55,0.46,0.0104
1669,0.35,0.03,0.0103
1670,0.35,-0.31,0.0104
1671,0.58,-0.47,0.0103
1672,0.58,-0.57,0.0104
1673,0.22,-0.50,0.0103
1674,0.22,-0.39,0.0104
1675,-0.15,-0.26,0.0103
1676,-0.15,-0.21,0.0104
1677,-0.08,-0.15,0.0103
1678,-0.08,-0.09,0.0104
1679,-0.15,-0.04,0.0103
1680,-0.15,0.09,0.0104
1681,-0.57,0.29,0.0103
1682,-0.57,0.45,0.0104
1683,-0.80,0.59,0.0103
1684,-0.80,0.67,0.0104
1685,-0.83,0.74,0.0103
1686,-0.83,0.48,0.0104
1687,0.25,0.12,0.0103
1688,0.25,-0.17,0.0104
1689,0.46,-0.37,0.0103
1690,0.46,-0.47,0.0104
1691,0.21,-0.47,0.0103
1692,0.21,-0.45,0.0104
1693,0.02,-0.37,0.0103
1694,0.02,-0.31,0.0104
1695,-0.08,-0.24,0.0103
1696,-0.08,-0.20,0.0104
1697,-0.04,-0.17,0.0103
1698,-0.04,-0.13,0.0104
1699,-0.15,-0.06,0.0103
1700,-0.15,0.07,0.0104
1701,-0.47,0.21,0.0103
1702,-0.47,0.26,0.0104
1703,-0.33,0.26,0.0103
1704,-0.33,0.28,0.0104
1705,-0.43,0.33,0.0103
1706,-0.43,0.32,0.0104
1707,0.02,0.08,0.0103
1708,0.02,0.04,0.0104
1709,0.27,-0.22,0.0103
1710,0.27,-0.41,0.0104
1711,0.45,-0.49,0.0103
1712,0.45,-0.47,0.0104
1713,0.29,-0.51,0.0103
1714,0.29,-0.50,0.0104
1715,0.12,-0.39,0.0103
1716,0.12,-0.25,0.0104
1717,-0.49,0.08,0.0103
1718,-0.49,0.32,0.0104
1719,-0.61,0.42,0.0103
1720,-0.61,0.45,0.0104
1721,-0.41,0.45,0.0103
1722,-0.41,0.40,0.0104
1723,0.04,0.17,0.0103
1724,0.04,-0.22,0.0104
1725,0.77,-0.45,0.0103
1726,0.77,-0.65,0.0104
1727,0.73,-0.75,0.0103
1728,0.73,-0.81,0.0104
1729,0.68,-0.83,0.0103
1730,0.68,-0.75,0.0104
1731,0.29,-0.59,0.0103
1732,0.29,-0.12,0.0104
1733,-0.72,0.20,0.0103
1734,-0.72,0.41,0.0104
1735,-0.59,0.56,0.0103
1736,-0.59,0.63,0.0104
1737,-0.43,0.62,0.0103
1738,-0.43,0.61,0.0104
1739,-0.40,0.60,0.0103
1740,-0.40,0.18,0.0104
1741,0.66,-0.10,0.0103
1742,0.66,-0.33,0.0104
1743,0.59,-0.44,0.0103
1744,0.59,-0.50,0.0104
1745,0.51,-0.56,0.0103
1746,0.51,-0.61,0.0104
1747,0.18,-0.39,0.0103
1748,0.18,-0.00,0.0104
1749,-0.81,0.34,0.0102
1750,-0.81,0.51,0.0104
1751,-0.54,0.56,0.0103
1752,-0.54,0.59,0.0104
1753,-0.27,0.49,0.0103
1754,-0.27,0.23,0.0104
1755,0.61,-0.13,0.0103
1756,0.61,-0.40,0.0104
1757,0.79,-0.58,0.0103
1758,0.79,-0.66,0.0104
1759,0.75,-0.77,0.0103
1760,0.75,-0.90,0.0104
1761,0.44,-0.63,0.0103
1762,0.44,-0.15,0.0104
1763,-0.75,0.21,0.0103
1764,-0.75,0.56,0.0104
1765,-0.99,0.82,0.0103
1766,-0.99,0.93,0.0104
1767,-0.34,0.71,0.0103
1768,-0.34,0.59,0.0104
1769,0.24,0.25,0.0103
1770,0.24,-0.19,0.0103
1771,0.97,-0.48,0.0103
1772,0.97,-0.62,0.0104
1773,0.74,-0.71,0.0103
1774,0.74,-0.83,0.0104
1775,0.90,-0.89,0.0103
1776,0.90,-0.43,0.0104
1777,-0.51,-0.07,0.0103
1778,-0.51,0.32,0.0104
1779,-0.88,0.62,0.0103
1780,-0.88,0.77,0.0104
1781,-0.72,0.87,0.0103
1782,-0.72,0.88,0.0104
1783,-0.65,0.91,0.0103
1784,-0.65,0.99,0.0104
1785,-0.15,0.57,0.0103
1786,-0.15,0.16,0.0104
1787,0.83,-0.26,0.0103
1788,0.83,-0.53,0.0104
1789,0.76,-0.67,0.0103
1790,0.76,-0.68,0.0104
1791,0.37,-0.61,0.0103
1792,0.37,-0.51,0.0104
1793,-0.48,-0.02,0.0103
1794,-0.48,0.41,0.0104
1795,-1.05,0.67,0.0103
1796,-1.05,0.85,0.0104
1797,-0.96,0.95,0.0103
1798,-0.96,1.01,0.0104
1799,-0.99,1.07,0.0103
1800,-0.99,0.68,0.0104
1801,0.30,0.27,0.0103
1802,0.30,-0.20,0.0104
1803,0.91,-0.57,0.0103
1804,0.91,-0.73,0.0104
1805,0.54,-0.77,0.0103
1806,0.54,-0.80,0.0104
1807,0.47,-0.79,0.0103
1808,0.47,-0.77,0.0104
1809,0.20,-0.59,0.0103
1810,0.20,-0.14,0.0104
1811,-0.84,0.20,0.0103
1812,-0.84,0.41,0.0104
1813,-0.88,0.65,0.0103
1814,-0.88,0.81,0.0104
1815,-0.86,0.86,0.0103
1816,-0.86,0.52,0.0104
1817,0.42,0.13,0.0103
1818,0.42,-0.19,0.0104
1819,0.77,-0.50,0.0103
1820,0.77,-0.67,0.0104
1821,0.62,-0.74,0.0103
1822,0.62,-0.71,0.0104
1823,0.37,-0.66,0.0103
1824,0.37,-0.54,0.0104
1825,-0.18,-0.24,0.0103
1826,-0.18,0.15,0.0104
1827,-0.95,0.48,0.0103
1828,-0.95,0.73,0.0104
1829,-1.06,0.93,0.0103
1830,-1.06,1.03,0.0104
1831,-1.08,1.13,0.0103
1832,-1.08,0.70,0.0104
1833,0.23,0.37,0.0103
1834,0.23,-0.01,0.0104
1835,0.58,-0.30,0.0102
1836,0.58,-0.54,0.0104
1837,0.65,-0.70,0.0103
1838,0.65,-0.76,0.0104
1839,0.40,-0.73,0.0103
1840,0.40,-0.67,0.0104
1841,0.21,-0.58,0.0103
1842,0.21,-0.30,0.0104
1843,-0.23,-0.19,0.0103
1844,-0.23,0.11,0.0104
1845,-0.74,0.36,0.0103
1846,-0.74,0.54,0.0104
1847,-0.74,0.64,0.0103
1848,-0.74,0.72,0.0104
1849,-0.74,0.76,0.0103
1850,-0.74,0.38,0.0104
1851,0.68,-0.09,0.0103
1852,0.68,-0.49,0.0104
1853,0.87,-0.69,0.0103
1854,0.87,-0.77,0.0104
1855,0.54,-0.77,0.0103
1856,0.54,-0.84,0.0104
1857,-0.04,-0.41,0.0103
1858,-0.04,-0.05,0.0104
1859,-0.82,0.29,0.0103
1860,-0.82,0.56,0.0104
1861,-0.94,0.74,0.0103
1862,-0.94,0.79,0.0104
1863,-0.80,0.86,0.0103
1864,-0.80,0.52,0.0104
1865,0.45,0.11,0.0103
1866,0.45,-0.17,0.0104
1867,0.49,-0.35,0.0103
1868,0.49,-0.62,0.0104
1869,0.73,-0.73,0.0103
1870,0.73,-0.71,0.0104
1871,0.51,-0.76,0.0103
1872,0.51,-0.76,0.0104
1873,0.26,-0.57,0.0103
1874,0.26,-0.19,0.0104
1875,-0.60,0.10,0.0103
1876,-0.60,0.27,0.0104
1877,-0.48,0.39,0.0103
1878,-0.48,0.49,0.0104
1879,-0.44,0.50,0.0103
1880,-0.44,0.55,0.0104
1881,-0.04,0.29,0.0103
1882,-0.04,-0.08,0.0104
1883,0.81,-0.37,0.0103
1884,0.81,-0.52,0.0104
1885,0.52,-0.54,0.0103
1886,0.52,-0.55,0.0104
1887,0.43,-0.54,0.0103
1888,0.43,-0.37,0.0104
1889,-0.28,-0.08,0.0103
1890,-0.28,0.20,0.0104
1891,-0.62,0.40,0.0103
1892,-0.62,0.48,0.0104
1893,-0.39,0.50,0.0103
1894,-0.39,0.48,0.0104
1895,-0.30,0.47,0.0103
1896,-0.30,0.44,0.0104
1897,0.10,0.18,0.0103
1898,0.10,0.11,0.0104
1899,0.32,-0.14,0.0103
1900,0.32,-0.28,0.0104
1901,0.39,-0.34,0.0103
1902,0.39,-0.40,0.0104
1903,0.42,-0.46,0.0103
1904,0.42,-0.43,0.0104
1905,0.28,-0.41,0.0103
1906,0.28,-0.22,0.0104
1907,-0.18,-0.07,0.0103
1908,-0.18,0.27,0.0104
1909,-0.72,0.46,0.0103
1910,-0.72,0.53,0.0104
1911,-0.38,0.52,0.0103
1912,-0.38,0.55,0.0104
1913,-0.42,0.54,0.0103
1914,-0.42,0.24,0.0104
1915,0.22,0.12,0.0103
1916,0.22,-0.18,0.0104
1917,0.59,-0.34,0.0103
1918,0.59,-0.48,0.0104
1919,0.49,-0.52,0.0103
1920,0.49,-0.53,0.0104
1921,0.36,-0.51,0.0103
1922,0.36,-0.25,0.0104
1923,-0.54,0.08,0.0103
1924,-0.54,0.37,0.0104
1925,-0.78,0.56,0.0103
1926,-0.78,0.66,0.0104
1927,-0.66,0.71,0.0103
1928,-0.66,0.61,0.0104
1929,-0.00,0.35,0.0103
1930,-0.00,0.13,0.0104
1931,0.27,-0.04,0.0103
1932,0.27,-0.21,0.0104
1933,0.30,-0.27,0.0103
1934,0.30,-0.19,0.0104
1935,-0.15,-0.11,0.0103
1936,-0.15,-0.10,0.0104
1937,-0.06,-0.07,0.0103
1938,-0.06,-0.04,0.0104
1939,-0.13,0.00,0.0103
1940,-0.13,0.08,0.0103
1941,-0.21,0.09,0.0103
1942,-0.21,0.06,0.0104
1943,-0.04,0.03,0.0103
1944,-0.04,0.08,0.0104
1945,-0.22,0.10,0.0103
1946,-0.22,0.08,0.0104
1947,-0.10,0.07,0.0103
1948,-0.10,0.07,0.0104
1949,-0.14,0.07,0.0103
1950,-0.14,-0.07,0.0104
1951,0.11,-0.09,0.0103
1952,0.11,-0.11,0.0104
1953,-0.01,-0.10,0.0103
1954,-0.01,-0.09,0.0104
1955,-0.05,-0.08,0.0103
1956,-0.05,-0.10,0.0104
1957,0.05,-0.12,0.0103
1958,0.05,-0.11,0.0104
1959,0.04,-0.13,0.0103
1960,0.04,-0.19,0.0104
1961,0.21,-0.23,0.0103
1962,0.21,-0.26,0.0104
1963,0.26,-0.30,0.0103
1964,0.26,-0.34,0.0104
1965,0.46,-0.45,0.0103
1966,0.46,-0.26,0.0104
1967,-0.19,-0.10,0.0103
1968,-0.19,0.03,0.0104
1969,-0.25,0.14,0.0103
1970,-0.25,0.20,0.0104
1971,-0.15,0.20,0.0103
1972,-0.15,0.19,0.0104
1973,-0.08,0.18,0.0103
1974,-0.08,0.11,0.0104
1975,0.05,0.07,0.0103
1976,0.05,0.08,0.0104
1977,0.14,-0.04,0.0103
1978,0.14,-0.15,0.0104
1979,0.33,-0.22,0.0103
1980,0.33,-0.21,0.0104
1981,0.26,-0.27,0.0103
1982,0.26,-0.33,0.0104
1983,0.36,-0.34,0.0103
1984,0.36,-0.32,0.0104
1985,0.34,-0.34,0.0103
1986,0.34,-0.33,0.0104
1987,-0.02,-0.10,0.0103
1988,-0.02,0.12,0.0104
1989,-0.40,0.28,0.0103
1990,-0.40,0.33,0.0104
1991,-0.21,0.35,0.0103
1992,-0.21,0.38,0.0104
1993,-0.26,0.40,0.0103
1994,-0.26,0.44,0.0104
1995,-0.42,0.50,0.0103
1996,-0.42,0.53,0.0104
1997,-0.20,0.39,0.0103
1998,-0.20,0.26,0.0104
1999,0.12,0.11,0.0103
2000,0.12,-0.03,0.0104
2001,0.20,-0.11,0.0103
2002,0.20,-0.12,0.0104
2003,-0.06,-0.06,0.0103
2004,-0.06,0.05,0.0104
2005,-0.35,0.15,0.0103
2006,-0.35,0.21,0.0104
2007,-0.45,0.32,0.0103
2008,-0.45,0.37,0.0104
2009,-0.30,0.30,0.0103
2010,-0.30,0.21,0.0104
2011,-0.16,0.18,0.0103
2012,-0.16,0.14,0.0104
2013,-0.21,0.14,0.0103
2014,-0.21,0.15,0.0104
2015,-0.29,0.15,0.0103
2016,-0.29,0.19,0.0104
2017,-0.38,0.21,0.0103
2018,-0.38,0.24,0.0104
2019,-0.45,0.27,0.0103
2020,-0.45,0.28,0.0104
2021,-0.41,0.26,0.0103
2022,-0.41,0.27,0.0104
2023,-0.41,0.24,0.0103
2024,-0.41,0.22,0.0104
2025,-0.37,0.19,0.0103
2026,-0.37,0.15,0.0104
2027,-0.24,0.07,0.0103
2028,-0.24,0.04,0.0104
2029,-0.26,0.01,0.0103
2030,-0.26,-0.01,0.0103
2031,-0.33,0.02,0.0103
2032,-0.33,0.06,0.0104
2033,-0.47,0.11,0.0103
2034,-0.47,0.22,0.0104
2035,-0.56,0.21,0.0103
2036,-0.56,0.14,0.0104
2037,-0.37,0.13,0.0103
2038,-0.37,0.09,0.0104
2039,-0.22,-0.01,0.0103
2040,-0.22,-0.06,0.0103
2041,-0.33,-0.02,0.0103
2042,-0.33,0.06,0.0104
2043,-0.60,0.14,0.0103
2044,-0.60,0.18,0.0104
2045,-0.49,0.15,0.0103
2046,-0.49,0.02,0.0104
2047,-0.19,-0.03,0.0103
2048,-0.19,-0.07,0.0104
2049,-0.30,-0.07,0.0103
2050,-0.30,-0.03,0.0104
2051,-0.51,0.05,0.0103
2052,-0.51,0.11,0.0104
2053,-0.60,0.16,0.0103
2054,-0.60,0.21,0.0104
2055,-0.35,0.06,0.0103
2056,-0.35,0.15,0.0104
2057,-0.37,0.01,0.0103
2058,-0.37,-0.07,0.0104
2059,-0.02,-0.23,0.0103
2060,-0.02,-0.31,0.0104
2061,-0.17,-0.26,0.0103
2062,-0.17,-0.17,0.0104
2063,-0.35,-0.15,0.0103
2064,-0.35,-0.10,0.0104
2065,-0.38,-0.06,0.0103
2066,-0.38,-0.04,0.0104
2067,-0.37,-0.01,0.0103
2068,-0.37,0.16,0.0103
2069,-0.73,0.24,0.0103
2070,-0.73,0.38,0.0104
2071,-0.75,0.38,0.0103
2072,-0.75,0.37,0.0104
2073,-0.40,0.21,0.0103
2074,-0.40,-0.02,0.0104
2075,0.36,-0.36,0.0103
2076,0.36,-0.69,0.0104
2077,0.80,-0.93,0.0103
2078,0.80,-0.96,0.0104
2079,0.24,-0.84,0.0103
2080,0.24,-0.84,0.0104
2081,0.11,-0.66,0.0103
2082,0.11,-0.57,0.0104
2083,-0.19,-0.33,0.0103
2084,-0.19,-0.22,0.0104
2085,-0.11,-0.18,0.0103
2086,-0.11,-0.05,0.0104
2087,-0.38,0.08,0.0103
2088,-0.38,0.14,0.0104
2089,-0.26,0.15,0.0103
2090,-0.26,0.16,0.0104
2091,-0.22,0.16,0.0103
2092,-0.22,0.14,0.0104
2093,-0.24,0.16,0.0103
2094,-0.24,0.21,0.0104
2095,-0.31,0.20,0.0103
2096,-0.31,-0.03,0.0104
2097,0.52,-0.31,0.0103
2098,0.52,-0.42,0.0104
2099,0.25,-0.40,0.0103
2100,0.25,-0.40,0.0104
2101,0.14,-0.37,0.0103
2102,0.14,-0.33,0.0104
2103,-0.29,-0.05,0.0103
2104,-0.29,0.13,0.0104
2105,-0.57,0.30,0.0103
2106,-0.57,0.41,0.0104
2107,-0.57,0.47,0.0103
2108,-0.57,0.54,0.0104
2109,-0.58,0.55,0.0103
2110,-0.58,0.53,0.0104
2111,-0.26,0.36,0.0103
2112,-0.26,-0.19,0.0104
2113,0.99,-0.54,0.0103
2114,0.99,-0.68,0.0104
2115,0.58,-0.76,0.0103
2116,0.58,-0.79,0.0104
2117,0.21,-0.60,0.0103
2118,0.21,-0.19,0.0104
2119,-0.85,0.18,0.0103
2120,-0.85,0.56,0.0104
2121,-1.14,0.78,0.0103
2122,-1.14,0.91,0.0104
2123,-0.86,0.90,0.0103
2124,-0.86,0.73,0.0104
2125,0.23,0.23,0.0103
2126,0.23,-0.08,0.0104
2127,0.58,-0.37,0.0103
2128,0.58,-0.45,0.0104
2129,0.23,-0.47,0.0103
2130,0.23,-0.37,0.0104
2131,-0.18,-0.24,0.0103
2132,-0.18,-0.17,0.0104
2133,-0.17,-0.10,0.0103
2134,-0.17,-0.01,0.0104
2135,-0.36,0.10,0.0103
2136,-0.36,0.22,0.0104
2137,-0.63,0.37,0.0103
2138,-0.63,0.40,0.0104
2139,-0.66,0.51,0.0103
2140,-0.66,0.63,0.0104
2141,-0.66,0.57,0.0103
2142,-0.66,0.45,0.0104
2143,0.04,0.13,0.0103
2144,0.04,-0.08,0.0104
2145,0.29,-0.28,0.0103
2146,0.29,-0.40,0.0104
2147,0.13,-0.39,0.0103
2148,0.13,-0.31,0.0104
2149,-0.14,-0.26,0.0103
2150,-0.14,-0.21,0.0104
2151,-0.18,-0.15,0.0103
2152,-0.18,-0.11,0.0104
2153,-0.21,-0.06,0.0103
2154,-0.21,0.00,0.0104
2155,-0.30,0.05,0.0102
2156,-0.30,0.10,0.0104
2157,-0.36,0.15,0.0103
2158,-0.36,0.19,0.0104
2159,-0.42,0.23,0.0103
2160,-0.42,0.29,0.0104
2161,-0.55,0.34,0.0103
2162,-0.55,0.40,0.0104
2163,-0.23,0.18,0.0103
2164,-0.23,-0.16,0.0104
2165,0.58,-0.41,0.0103
2166,0.58,-0.53,0.0104
2167,0.31,-0.56,0.0103
2168,0.31,-0.53,0.0104
2169,0.14,-0.50,0.0103
2170,0.14,-0.50,0.0104
2171,0.03,-0.37,0.0103
2172,0.03,-0.03,0.0104
2173,-0.57,0.10,0.0103
2174,-0.57,0.24,0.0104
2175,-0.47,0.29,0.0103
2176,-0.47,0.30,0.0104
2177,-0.42,0.36,0.0103
2178,-0.42,0.40,0.0104
2179,0.04,0.08,0.0103
2180,0.04,-0.04,0.0104
2181,0.55,-0.39,0.0103
2182,0.55,-0.53,0.0104
2183,0.41,-0.54,0.0103
2184,0.41,-0.56,0.0104
2185,0.33,-0.54,0.0103
2186,0.33,-0.37,0.0104
2187,-0.18,-0.20,0.0103
2188,-0.18,-0.02,0.0104
2189,-0.37,0.13,0.0103
2190,-0.37,0.34,0.0104
2191,-0.62,0.45,0.0103
2192,-0.62,0.45,0.0104
2193,-0.42,0.48,0.0103
2194,-0.42,0.51,0.0104
2195,-0.42,0.47,0.0103
2196,-0.42,0.21,0.0104
2197,0.56,-0.17,0.0103
2198,0.56,-0.40,0.0104
2199,0.66,-0.58,0.0103
2200,0.66,-0.59,0.0104
2201,0.39,-0.61,0.0103
2202,0.39,-0.56,0.0104
2203,0.35,-0.56,0.0103
2204,0.35,-0.12,0.0104
2205,-0.86,0.25,0.0103
2206,-0.86,0.42,0.0103
2207,-0.60,0.53,0.0103
2208,-0.60,0.61,0.0104
2209,-0.62,0.66,0.0103
2210,-0.62,0.71,0.0104
2211,-0.44,0.58,0.0103
2212,-0.44,0.19,0.0104
2213,0.69,-0.19,0.0103
2214,0.69,-0.41,0.0104
2215,0.40,-0.44,0.0103
2216,0.40,-0.42,0.0104
2217,0.11,-0.37,0.0103
2218,0.11,-0.36,0.0104
2219,0.13,-0.32,0.0103
2220,0.13,-0.27,0.0104
2221,-0.07,-0.15,0.0103
2222,-0.07,0.02,0.0104
2223,-0.41,0.17,0.0103
2224,-0.41,0.27,0.0104
2225,-0.38,0.31,0.0103
2226,-0.38,0.35,0.0104
2227,-0.34,0.35,0.0103
2228,-0.34,0.31,0.0104
2229,0.15,0.05,0.0103
2230,0.15,-0.12,0.0104
2231,0.60,-0.40,0.0103
2232,0.60,-0.55,0.0104
2233,0.54,-0.59,0.0103
2234,0.54,-0.60,0.0104
2235,0.49,-0.62,0.0103
2236,0.49,-0.66,0.0104
2237,0.01,-0.31,0.0103
2238,0.01,-0.02,0.0104
2239,-0.49,0.19,0.0103
2240,-0.49,0.42,0.0104
2241,-0.60,0.53,0.0103
2242,-0.60,0.55,0.0104
2243,-0.40,0.56,0.0103
2244,-0.40,0.57,0.0104
2245,-0.35,0.51,0.0103
2246,-0.35,0.28,0.0104
2247,0.58,-0.12,0.0103
2248,0.58,-0.30,0.0104
2249,0.26,-0.27,0.0103
2250,0.26,-0.24,0.0104
2251,0.05,-0.21,0.0103
2252,0.05,-0.12,0.0104
2253,-0.14,-0.04,0.0103
2254,-0.14,-0.02,0.0104
2255,-0.20,0.09,0.0103
2256,-0.20,0.27,0.0104
2257,-0.61,0.41,0.0103
2258,-0.61,0.43,0.0104
2259,-0.49,0.49,0.0103
2260,-0.49,0.56,0.0104
2261,-0.38,0.44,0.0103
2262,-0.38,0.22,0.0104
2263,0.55,-0.19,0.0103
2264,0.55,-0.41,0.0104
2265,0.42,-0.45,0.0103
2266,0.42,-0.43,0.0104
2267,0.11,-0.38,0.0103
2268,0.11,-0.34,0.0104
2269,0.05,-0.28,0.0103
2270,0.05,-0.24,0.0104
2271,-0.06,-0.13,0.0103
2272,-0.06,0.21,0.0104
2273,-0.79,0.40,0.0103
2274,-0.79,0.53,0.0104
2275,-0.61,0.57,0.0103
2276,-0.61,0.60,0.0104
2277,-0.48,0.54,0.0103
2278,-0.48,0.23,0.0104
2279,0.49,-0.10,0.0103
2280,0.49,-0.44,0.0104
2281,0.80,-0.65,0.0103
2282,0.80,-0.63,0.0104
2283,0.35,-0.64,0.0103
2284,0.35,-0.59,0.0104
2285,0.28,-0.55,0.0103
2286,0.28,-0.47,0.0104
2287,-0.29,-0.11,0.0103
2288,-0.29,0.14,0.0104
2289,-0.58,0.32,0.0103
2290,-0.58,0.44,0.0104
2291,-0.49,0.48,0.0103
2292,-0.49,0.52,0.0104
2293,-0.50,0.55,0.0103
2294,-0.50,0.52,0.0104
2295,0.06,0.21,0.0103
2296,0.06,-0.14,0.0104
2297,0.58,-0.31,0.0103
2298,0.58,-0.35,0.0104
2299,0.13,-0.31,0.0103
2300,0.13,-0.29,0.0104
2301,0.12,-0.28,0.0103
2302,0.12,-0.28,0.0104
2303,0.20,-0.30,0.0103
2304,0.20,-0.29,0.0104
2305,-0.09,-0.11,0.0103
2306,-0.09,0.11,0.0104
2307,-0.57,0.30,0.0103
2308,-0.57,0.33,0.0104
2309,-0.24,0.30,0.0103
2310,-0.24,0.29,0.0104
2311,-0.18,0.25,0.0103
2312,-0.18,0.18,0.0104
2313,-0.09,0.15,0.0103
2314,-0.09,-0.22,0.0104
2315,0.73,-0.42,0.0103
2316,0.73,-0.53,0.0104
2317,0.47,-0.55,0.0103
2318,0.47,-0.56,0.0104
2319,0.50,-0.61,0.0103
2320,0.50,-0.72,0.0104
2321,0.04,-0.32,0.0103
2322,0.04,-0.05,0.0104
2323,-0.45,0.16,0.0103
2324,-0.45,0.34,0.0104
2325,-0.42,0.41,0.0103
2326,-0.42,0.40,0.0104
2327,-0.21,0.39,0.0103
2328,-0.21,0.37,0.0104
2329,-0.18,0.33,0.0103
2330,-0.18,0.31,0.0104
2331,-0.09,0.22,0.0103
2332,-0.09,-0.06,0.0104
2333,0.37,-0.13,0.0103
2334,0.37,-0.13,0.0104
2335,0.11,-0.16,0.0103
2336,0.11,-0.15,0.0104
2337,0.03,-0.12,0.0103
2338,0.03,-0.12,0.0104
2339,0.14,-0.16,0.0103
2340,0.14,-0.13,0.0104
2341,0.02,-0.09,0.0103
2342,0.02,-0.03,0.0104
2343,-0.16,0.06,0.0103
2344,-0.16,0.09,0.0104
2345,-0.11,0.11,0.0103
2346,-0.11,0.13,0.0104
2347,-0.12,0.13,0.0103
2348,-0.12,0.15,0.0104
2349,-0.19,0.19,0.0103
2350,-0.19,0.25,0.0104
2351,-0.32,0.28,0.0103
2352,-0.32,0.21,0.0104
2353,-0.05,0.15,0.0103
2354,-0.05,0.14,0.0104
2355,0.07,-0.01,0.0103
2356,0.07,-0.21,0.0103
2357,0.20,-0.18,0.0103
2358,0.20,-0.13,0.0104
2359,-0.11,-0.07,0.0103
2360,-0.11,-0.02,0.0104
2361,-0.14,0.02,0.0103
2362,-0.14,0.06,0.0104
2363,-0.16,0.08,0.0103
2364,-0.16,0.13,0.0104
2365,-0.31,0.20,0.0103
2366,-0.31,0.22,0.0104
2367,-0.31,0.26,0.0103
2368,-0.31,0.30,0.0104
2369,-0.45,0.36,0.0103
2370,-0.45,0.30,0.0104
2371,-0.00,0.11,0.0103
2372,-0.00,0.08,0.0104
2373,0.01,-0.04,0.0103
2374,0.01,-0.11,0.0104
2375,0.03,-0.13,0.0103
2376,0.03,-0.12,0.0104
2377,-0.08,-0.11,0.0103
2378,-0.08,-0.11,0.0104
2379,-0.08,-0.09,0.0103
2380,-0.08,-0.10,0.0104
2381,-0.00,-0.12,0.0103
2382,-0.00,-0.14,0.0104
2383,0.05,-0.16,0.0103
2384,0.05,-0.21,0.0104
2385,0.04,-0.17,0.0103
2386,0.04,-0.19,0.0104
2387,0.03,-0.16,0.0103
2388,0.03,-0.19,0.0104
2389,0.13,-0.20,0.0103
2390,0.13,-0.19,0.0104
2391,0.16,-0.23,0.0103
2392,0.16,-0.24,0.0104
2393,0.21,-0.26,0.0103
2394,0.21,-0.28,0.0104
2395,0.34,-0.34,0.0103
2396,0.34,-0.37,0.0104
2397,0.44,-0.43,0.0103
2398,0.44,-0.48,0.0104
2399,0.53,-0.51,0.0103
2400,0.53,-0.49,0.0104
2401,0.38,-0.43,0.0103
2402,0.38,-0.35,0.0104
2403,0.20,-0.24,0.0103
2404,0.20,-0.15,0.0104
2405,0.09,-0.06,0.0103
2406,0.09,-0.00,0.0104
2407,0.14,0.02,0.0102
2408,0.14,-0.01,0.0104
2409,0.37,-0.08,0.0103
2410,0.37,-0.17,0.0104
2411,0.51,-0.22,0.0103
2412,0.51,-0.26,0.0104
2413,0.50,-0.27,0.0103
2414,0.50,-0.25,0.0104
2415,0.36,-0.20,0.0103
2416,0.36,-0.13,0.0104
2417,0.23,-0.07,0.0103
2418,0.23,-0.04,0.0104
2419,0.21,0.02,0.0103
2420,0.21,0.05,0.0104
2421,0.35,-0.02,0.0103
2422,0.35,-0.05,0.0104
2423,0.47,-0.11,0.0103
2424,0.47,-0.04,0.0104
2425,0.13,0.05,0.0103
2426,0.13,0.09,0.0104
2427,0.14,0.13,0.0103
2428,0.14,0.14,0.0104
2429,0.22,0.12,0.0103
2430,0.22,0.08,0.0104
2431,0.30,0.06,0.0103
2432,0.30,0.09,0.0104
2433,0.17,0.10,0.0103
2434,0.17,0.10,0.0104
2435,0.45,-0.05,0.0103
2436,0.45,-0.26,0.0104
2437,0.82,-0.36,0.0103
2438,0.82,-0.41,0.0104
2439,0.60,-0.38,0.0103
2440,0.60,-0.18,0.0104
2441,-0.33,0.21,0.0103
2442,-0.33,0.57,0.0104
2443,-0.91,0.88,0.0103
2444,-0.91,1.14,0.0104
2445,-1.04,1.28,0.0103
2446,-1.04,1.32,0.0104
2447,-0.17,0.89,0.0103
2448,-0.17,0.59,0.0104
2449,0.26,0.35,0.0103
2450,0.26,0.21,0.0104
2451,0.17,0.08,0.0103
2452,0.17,-0.19,0.0104
2453,0.59,-0.34,0.0103
2454,0.59,-0.39,0.0104
2455,0.32,-0.38,0.0103
2456,0.32,-0.36,0.0104
2457,0.24,-0.33,0.0103
2458,0.24,-0.25,0.0104
2459,0.10,-0.20,0.0103
2460,0.10,-0.24,0.0104
2461,-0.32,0.15,0.0103
2462,-0.32,0.40,0.0104
2463,-0.73,0.59,0.0103
2464,-0.73,0.70,0.0104
2465,-0.61,0.72,0.0103
2466,-0.61,0.74,0.0104
2467,-0.05,0.40,0.0103
2468,-0.05,0.03,0.0104
2469,0.64,-0.22,0.0103
2470,0.64,-0.30,0.0104
2471,0.14,-0.25,0.0103
2472,0.14,-0.23,0.0104
2473,0.07,-0.21,0.0103
2474,0.07,-0.11,0.0104
2475,-0.18,-0.02,0.0103
2476,-0.18,-0.02,0.0104
2477,-0.16,0.07,0.0103
2478,-0.16,0.21,0.0104
2479,-0.58,0.38,0.0103
2480,-0.58,0.43,0.0104
2481,-0.44,0.44,0.0103
2482,-0.44,0.51,0.0104
2483,-0.68,0.60,0.0103
2484,-0.68,0.69,0.0104
2485,-0.02,0.24,0.0103
2486,-0.02,-0.05,0.0104
2487,0.63,-0.38,0.0103
2488,0.63,-0.59,0.0104
2489,0.49,-0.61,0.0103
2490,0.49,-0.61,0.0104
2491,0.19,-0.52,0.0103
2492,0.19,-0.46,0.0104
2493,-0.44,-0.05,0.0103
2494,-0.44,0.22,0.0104
2495,-0.85,0.48,0.0103
2496,-0.85,0.60,0.0104
2497,-0.65,0.62,0.0103
2498,-0.65,0.57,0.0104
2499,-0.16,0.35,0.0103
2500,-0.16,0.18,0.0104
2501,0.40,-0.17,0.0103
2502,0.40,-0.27,0.0104
2503,0.26,-0.36,0.0103
2504,0.26,-0.44,0.0104
2505,0.37,-0.51,0.0103
2506,0.37,-0.56,0.0104
2507,0.42,-0.59,0.0103
2508,0.42,-0.47,0.0104
2509,0.20,-0.47,0.0103
2510,0.20,-0.28,0.0104
2511,-0.20,-0.12,0.0103
2512,-0.20,0.04,0.0104
2513,-0.30,0.14,0.0103
2514,-0.30,0.16,0.0104
2515,0.10,0.04,0.0103
2516,0.10,-0.11,0.0104
2517,0.38,-0.20,0.0103
2518,0.38,-0.28,0.0104
2519,0.50,-0.39,0.0103
2520,0.50,-0.50,0.0104
2521,0.77,-0.64,0.0103
2522,0.77,-0.37,0.0104
2523,-0.26,-0.11,0.0103
2524,-0.26,0.04,0.0104
2525,-0.27,0.21,0.0103
2526,-0.27,0.20,0.0104
2527,0.14,0.12,0.0103
2528,0.14,0.05,0.0104
2529,0.29,-0.03,0.0103
2530,0.29,-0.17,0.0104
2531,0.60,-0.31,0.0103
2532,0.60,-0.37,0.0104
2533,0.63,-0.46,0.0103
2534,0.63,-0.27,0.0104
2535,0.21,-0.26,0.0103
2536,0.21,-0.03,0.0104
2537,-0.18,0.11,0.0103
2538,-0.18,0.16,0.0104
2539,0.23,0.06,0.0103
2540,0.23,-0.07,0.0104
2541,0.59,-0.19,0.0103
2542,0.59,-0.31,0.0104
2543,0.72,-0.40,0.0103
2544,0.72,-0.43,0.0104
2545,0.42,-0.31,0.0103
2546,0.42,-0.17,0.0104
2547,0.02,0.00,0.0103
2548,0.02,0.11,0.0103
2549,-0.15,0.29,0.0103
2550,-0.15,0.30,0.0104
2551,0.16,0.23,0.0103
2552,0.16,0.19,0.0104
2553,0.29,0.11,0.0103
2554,0.29,0.03,0.0104
2555,0.34,0.00,0.0103
2556,0.34,-0.03,0.0103
2557,0.32,-0.05,0.0103
2558,0.32,-0.13,0.0104
2559,0.55,-0.21,0.0103
2560,0.55,-0.24,0.0104
2561,0.49,-0.25,0.0103
2562,0.49,-0.27,0.0104
2563,0.45,-0.23,0.0103
2564,0.45,-0.01,0.0104
2565,-0.46,0.35,0.0102
2566,-0.46,0.72,0.0104
2567,-0.95,0.96,0.0103
2568,-0.95,1.03,0.0104
2569,-0.56,1.00,0.0103
2570,-0.56,0.87,0.0104
2571,0.41,0.36,0.0103
2572,0.41,-0.02,0.0104
2573,0.79,-0.25,0.0103
2574,0.79,-0.40,0.0104
2575,0.57,-0.45,0.0103
2576,0.57,-0.46,0.0104
2577,0.43,-0.44,0.0103
2578,0.43,-0.14,0.0104
2579,-0.75,0.32,0.0103
2580,-0.75,0.65,0.0104
2581,-1.16,0.97,0.0103
2582,-1.16,1.20,0.0104
2583,-0.98,1.17,0.0103
2584,-0.98,0.91,0.0104
2585,0.22,0.47,0.0103
2586,0.22,0.08,0.0104
2587,0.75,-0.28,0.0103
2588,0.75,-0.45,0.0104
2589,0.70,-0.65,0.0103
2590,0.70,-0.77,0.0104
2591,0.65,-0.79,0.0103
2592,0.65,-0.54,0.0104
2593,-0.17,-0.31,0.0103
2594,-0.17,0.10,0.0104
2595,-0.88,0.42,0.0103
2596,-0.88,0.66,0.0104
2597,-0.93,0.83,0.0103
2598,-0.93,0.98,0.0104
2599,-1.27,1.21,0.0103
2600,-1.27,0.81,0.0104
2601,0.34,0.36,0.0103
2602,0.34,0.02,0.0104
2603,0.40,-0.17,0.0103
2604,0.40,-0.42,0.0104
2605,0.62,-0.60,0.0103
2606,0.62,-0.79,0.0104
2607,0.65,-0.82,0.0103
2608,0.65,-0.77,0.0104
2609,0.36,-0.71,0.0103
2610,0.36,-0.37,0.0104
2611,-0.63,0.00,0.0103
2612,-0.63,0.46,0.0103
2613,-1.26,0.79,0.0103
2614,-1.26,1.04,0.0104
2615,-1.40,1.27,0.0103
2616,-1.40,1.22,0.0104
2617,-0.69,1.02,0.0103
2618,-0.69,0.67,0.0104
2619,-0.01,0.39,0.0103
2620,-0.01,0.10,0.0104
2621,0.32,-0.18,0.0103
2622,0.32,-0.43,0.0104
2623,0.54,-0.63,0.0103
2624,0.54,-0.69,0.0104
2625,0.26,-0.66,0.0103
2626,0.26,-0.63,0.0104
2627,0.09,-0.54,0.0103
2628,0.09,-0.29,0.0104
2629,-0.41,-0.12,0.0103
2630,-0.41,-0.03,0.0104
2631,-0.49,0.16,0.0103
2632,-0.49,0.29,0.0104
2633,-0.59,0.37,0.0103
2634,-0.59,0.48,0.0104
2635,-0.73,0.56,0.0103
2636,-0.73,0.61,0.0104
2637,-0.74,0.63,0.0103
2638,-0.74,0.22,0.0104
2639,0.57,-0.18,0.0103
2640,0.57,-0.67,0.0104
2641,1.08,-0.94,0.0103
2642,1.08,-0.97,0.0104
2643,0.51,-0.95,0.0103
2644,0.51,-0.87,0.0104
2645,0.07,-0.62,0.0103
2646,0.07,-0.16,0.0104
2647,-0.93,0.22,0.0103
2648,-0.93,0.39,0.0104
2649,-0.62,0.48,0.0103
2650,-0.62,0.51,0.0104
2651,-0.60,0.59,0.0103
2652,-0.60,0.10,0.0104
2653,0.75,-0.22,0.0103
2654,0.75,-0.47,0.0104
2655,0.64,-0.59,0.0103
2656,0.64,-0.69,0.0104
2657,0.55,-0.71,0.0103
2658,0.55,-0.82,0.0104
2659,0.95,-0.97,0.0103
2660,0.95,-0.74,0.0104
2661,0.13,-0.56,0.0103
2662,0.13,-0.35,0.0104
2663,-0.18,-0.10,0.0103
2664,-0.18,-0.06,0.0104
2665,-0.18,0.16,0.0103
2666,-0.18,0.29,0.0104
2667,-0.29,0.37,0.0103
2668,-0.29,0.35,0.0104
2669,0.03,0.26,0.0103
2670,0.03,0.19,0.0104
2671,0.24,0.06,0.0103
2672,0.24,-0.10,0.0104
2673,0.48,-0.21,0.0103
2674,0.48,-0.28,0.0104
2675,0.59,-0.41,0.0103
2676,0.59,-0.54,0.0104
2677,0.75,-0.60,0.0103
2678,0.75,-0.49,0.0104
2679,0.55,-0.54,0.0103
2680,0.55,-0.24,0.0104
2681,-0.16,-0.04,0.0103
2682,-0.16,0.15,0.0104
2683,-0.27,0.31,0.0103
2684,-0.27,0.44,0.0104
2685,-0.15,0.42,0.0103
2686,-0.15,0.34,0.0104
2687,0.22,0.22,0.0103
2688,0.22,0.13,0.0104
2689,0.34,0.02,0.0103
2690,0.34,-0.09,0.0104
2691,0.44,-0.15,0.0103
2692,0.44,-0.22,0.0104
2693,0.51,-0.28,0.0103
2694,0.51,-0.36,0.0104
2695,0.67,-0.44,0.0103
2696,0.67,-0.47,0.0104
2697,0.57,-0.43,0.0103
2698,0.57,0.09,0.0104
2699,-0.88,0.49,0.0103
2700,-0.88,0.79,0.0104
2701,-0.83,0.95,0.0103
2702,-0.83,0.64,0.0104
2703,0.31,0.44,0.0103
2704,0.31,-0.00,0.0104
2705,1.01,-0.31,0.0102
2706,1.01,-0.46,0.0104
2707,0.79,-0.57,0.0103
2708,0.79,-0.61,0.0104
2709,0.73,-0.64,0.0103
2710,0.73,-0.45,0.0104
2711,-0.30,-0.01,0.0103
2712,-0.30,0.44,0.0103
2713,-0.91,0.72,0.0103
2714,-0.91,0.89,0.0104
2715,-0.73,0.98,0.0103
2716,-0.73,1.08,0.0104
2717,-0.86,1.14,0.0103
2718,-0.86,1.13,0.0104
2719,-0.10,0.68,0.0103
2720,-0.10,0.37,0.0104
2721,0.38,0.09,0.0103
2722,0.38,-0.08,0.0104
2723,0.24,-0.15,0.0103
2724,0.24,-0.17,0.0104
2725,-0.09,-0.08,0.0103
2726,-0.09,-0.01,0.0104
2727,-0.31,0.10,0.0102
2728,-0.31,0.24,0.0104
2729,-0.59,0.36,0.0103
2730,-0.59,0.39,0.0104
2731,-0.53,0.45,0.0103
2732,-0.53,0.39,0.0104
2733,-0.29,0.33,0.0103
2734,-0.29,0.33,0.0104
2735,-0.45,0.34,0.0103
2736,-0.45,0.29,0.0104
2737,-0.34,0.25,0.0103
2738,-0.34,0.21,0.0104
2739,-0.17,0.08,0.0103
2740,-0.17,-0.02,0.0104
2741,-0.17,-0.01,0.0103
2742,-0.17,0.04,0.0104
2743,-0.50,0.14,0.0103
2744,-0.50,0.28,0.0104
2745,-0.80,0.39,0.0103
2746,-0.80,0.42,0.0104
2747,-0.55,0.36,0.0103
2748,-0.55,0.30,0.0104
2749,-0.38,0.21,0.0103
2750,-0.38,0.07,0.0104
2751,-0.02,-0.11,0.0103
2752,-0.02,-0.22,0.0104
2753,-0.14,-0.20,0.0103
2754,-0.14,-0.09,0.0104
2755,-0.54,0.01,0.0103
2756,-0.54,0.08,0.0103
2757,-0.63,0.17,0.0103
2758,-0.63,0.24,0.0104
2759,-0.49,0.17,0.0103
2760,-0.49,0.05,0.0104
2761,-0.18,-0.03,0.0103
2762,-0.18,-0.09,0.0104
2763,-0.16,-0.16,0.0103
2764,-0.16,-0.15,0.0104
2765,-0.32,-0.12,0.0103
2766,-0.32,-0.08,0.0104
2767,-0.37,-0.06,0.0103
2768,-0.37,-0.08,0.0104
2769,-0.24,-0.10,0.0103
2770,-0.24,-0.11,0.0104
2771,-0.55,0.07,0.0103
2772,-0.55,0.41,0.0104
2773,-1.46,0.73,0.0103
2774,-1.46,0.91,0.0104
2775,-1.30,0.95,0.0103
2776,-1.30,0.41,0.0104
2777,0.71,-0.22,0.0103
2778,0.71,-0.81,0.0104
2779,1.29,-1.22,0.0103
2780,1.29,-1.56,0.0104
2781,1.47,-1.82,0.0103
2782,1.47,-1.52,0.0104
2783,-0.22,-1.00,0.0103
2784,-0.22,-0.59,0.0104
2785,-0.40,-0.36,0.0103
2786,-0.40,-0.16,0.0104
2787,-0.67,0.18,0.0103
2788,-0.67,0.40,0.0104
2789,-0.69,0.49,0.0103
2790,-0.69,0.52,0.0104
2791,-0.45,0.48,0.0103
2792,-0.45,0.36,0.0104
2793,-0.07,0.21,0.0103
2794,-0.07,-0.32,0.0104
2795,1.20,-0.73,0.0103
2796,1.20,-1.11,0.0104
2797,1.44,-1.37,0.0103
2798,1.44,-1.60,0.0104
2799,0.73,-1.19,0.0103
2800,0.73,-0.66,0.0104
2801,-0.47,-0.29,0.0103
2802,-0.47,-0.13,0.0104
2803,-0.31,0.14,0.0103
2804,-0.31,0.44,0.0104
2805,-0.73,0.63,0.0103
2806,-0.73,0.82,0.0104
2807,-0.80,0.91,0.0103
2808,-0.80,0.82,0.0104
2809,0.25,0.36,0.0103
2810,0.25,-0.06,0.0104
2811,0.89,-0.36,0.0103
2812,0.89,-0.60,0.0104
2813,1.03,-0.83,0.0103
2814,1.03,-0.99,0.0104
2815,1.29,-1.20,0.0103
2816,1.29,-1.42,0.0104
2817,0.68,-0.95,0.0103
2818,0.68,-0.60,0.0104
2819,-0.02,-0.32,0.0103
2820,-0.02,-0.08,0.0104
2821,-0.23,0.17,0.0103
2822,-0.23,0.49,0.0104
2823,-0.65,0.70,0.0103
2824,-0.65,0.84,0.0104
2825,-0.54,0.88,0.0103
2826,-0.54,0.85,0.0104
2827,-0.07,0.64,0.0103
2828,-0.07,0.17,0.0104
2829,0.98,-0.18,0.0103
2830,0.98,-0.52,0.0104
2831,1.12,-0.72,0.0103
2832,1.12,-0.89,0.0104
2833,1.25,-1.05,0.0103
2834,1.25,-0.72,0.0104
2835,-0.44,-0.13,0.0103
2836,-0.44,0.27,0.0104
2837,-0.92,0.69,0.0103
2838,-0.92,0.98,0.0104
2839,-1.11,1.22,0.0103
2840,-1.11,1.04,0.0104
2841,-0.26,0.92,0.0103
2842,-0.26,0.62,0.0104
2843,0.50,0.22,0.0103
2844,0.50,-0.05,0.0104
2845,0.52,-0.19,0.0103
2846,0.52,-0.35,0.0104
2847,0.65,-0.49,0.0103
2848,0.65,-0.56,0.0104
2849,0.65,-0.63,0.0103
2850,0.65,-0.74,0.0104
2851,0.23,-0.41,0.0103
2852,0.23,0.04,0.0104
2853,-0.96,0.47,0.0103
2854,-0.96,0.71,0.0104
2855,-0.71,0.78,0.0103
2856,-0.71,0.91,0.0104
2857,0.04,0.45,0.0103
2858,0.04,0.15,0.0104
2859,0.61,-0.12,0.0103
2860,0.61,-0.30,0.0104
2861,0.54,-0.39,0.0103
2862,0.54,-0.47,0.0104
2863,0.62,-0.57,0.0103
2864,0.62,-0.63,0.0104
2865,0.40,-0.49,0.0103
2866,0.40,-0.14,0.0104
2867,-0.45,0.10,0.0103
2868,-0.45,0.19,0.0104
2869,-0.20,0.28,0.0103
2870,-0.20,0.28,0.0104
2871,-0.07,0.28,0.0103
2872,-0.07,0.25,0.0104
2873,-0.01,0.22,0.0103
2874,-0.01,0.19,0.0104
2875,-0.03,0.19,0.0103
2876,-0.03,0.19,0.0104
2877,-0.04,0.17,0.0103
2878,-0.04,0.09,0.0104
2879,0.06,0.08,0.0103
2880,0.06,0.14,0.0104
2881,-0.03,0.09,0.0103
2882,-0.03,0.05,0.0104
2883,0.06,0.03,0.0103
2884,0.06,0.06,0.0104
2885,-0.08,0.08,0.0103
2886,-0.08,0.07,0.0104
2887,-0.09,0.10,0.0103
2888,-0.09,0.16,0.0104
2889,-0.28,0.23,0.0103
2890,-0.28,0.29,0.0104
2891,-0.38,0.35,0.0103
2892,-0.38,0.41,0.0104
2893,-0.51,0.47,0.0103
2894,-0.51,0.52,0.0104
2895,-0.62,0.58,0.0103
2896,-0.62,0.60,0.0104
2897,-0.62,0.60,0.0103
2898,-0.62,0.56,0.0104
2899,-0.51,0.51,0.0103
2900,-0.51,0.43,0.0104
2901,-0.29,0.29,0.0103
2902,-0.29,0.16,0.0104
2903,-0.16,0.07,0.0103
2904,-0.16,-0.06,0.0104
2905,-0.09,-0.10,0.0103
2906,-0.09,-0.10,0.0104
2907,-0.37,-0.02,0.0103
2908,-0.37,0.07,0.0104
2909,-0.61,0.17,0.0103
2910,-0.61,0.29,0.0104
2911,-0.76,0.37,0.0103
2912,-0.76,0.26,0.0104
2913,-0.26,0.14,0.0103
2914,-0.26,0.07,0.0104
2915,-0.15,-0.06,0.0103
2916,-0.15,-0.20,0.0104
2917,-0.06,-0.22,0.0103
2918,-0.06,-0.13,0.0104
2919,-0.46,-0.05,0.0103
2920,-0.46,0.06,0.0104
2921,-0.69,0.18,0.0103
2922,-0.69,0.27,0.0104
2923,-0.71,0.32,0.0103
2924,-0.71,0.18,0.0104
2925,0.06,-0.10,0.0103
2926,0.06,-0.20,0.0104
2927,-0.11,-0.23,0.0103
2928,-0.11,-0.17,0.0104
2929,-0.47,-0.06,0.0103
2930,-0.47,0.05,0.0104
2931,-0.64,0.14,0.0103
2932,-0.64,0.26,0.0104
2933,-0.83,0.36,0.0103
2934,-0.83,0.24,0.0104
2935,-0.43,0.22,0.0103
2936,-0.43,0.02,0.0104
2937,0.12,-0.21,0.0103
2938,0.12,-0.46,0.0104
2939,0.24,-0.52,0.0103
2940,0.24,-0.46,0.0104
2941,-0.27,-0.34,0.0103
2942,-0.27,-0.21,0.0104
2943,-0.42,-0.13,0.0103
2944,-0.42,-0.03,0.0104
2945,-0.51,0.05,0.0103
2946,-0.51,0.40,0.0104
2947,-1.05,0.48,0.0103
2948,-1.05,0.61,0.0104
2949,-1.11,0.74,0.0103
2950,-1.11,0.83,0.0104
2951,-0.37,0.37,0.0103
2952,-0.37,0.03,0.0104
2953,0.76,-0.55,0.0103
2954,0.76,-0.91,0.0104
2955,0.90,-1.12,0.0103
2956,0.90,-1.03,0.0104
2957,0.04,-0.84,0.0103
2958,0.04,-0.58,0.0104
2959,-0.50,-0.29,0.0103
2960,-0.50,-0.02,0.0104
2961,-0.76,0.19,0.0103
2962,-0.76,0.49,0.0104
2963,-0.99,0.59,0.0103
2964,-0.99,0.63,0.0104
2965,-0.81,0.67,0.0103
2966,-0.81,0.72,0.0104
2967,-0.63,0.56,0.0103
2968,-0.63,0.31,0.0104
2969,0.11,0.00,0.0103
2970,0.11,-0.35,0.0102
2971,0.51,-0.55,0.0103
2972,0.51,-0.66,0.0104
2973,0.12,-0.59,0.0103
2974,0.12,-0.44,0.0104
2975,-0.30,-0.31,0.0103
2976,-0.30,-0.20,0.0104
2977,-0.38,-0.09,0.0103
2978,-0.38,0.03,0.0104
2979,-0.48,0.10,0.0103
2980,-0.48,0.19,0.0104
2981,-0.62,0.29,0.0103
2982,-0.62,0.39,0.0104
2983,-0.76,0.46,0.0103
2984,-0.76,0.52,0.0104
2985,-0.23,0.20,0.0103
2986,-0.23,-0.24,0.0104
2987,0.82,-0.60,0.0103
2988,0.82,-0.75,0.0104
2989,0.36,-0.73,0.0103
2990,0.36,-0.69,0.0104
2991,0.09,-0.59,0.0103
2992,0.09,-0.30,0.0104
2993,-0.71,0.02,0.0103
2994,-0.71,0.25,0.0104
2995,-0.78,0.40,0.0103
2996,-0.78,0.45,0.0104
2997,-0.54,0.44,0.0103
2998,-0.54,0.22,0.0104
2999,0.22,-0.03,0.0103
3000,0.22,-0.34,0.0104
3001,0.74,-0.62,0.0103
3002,0.74,-0.71,0.0104
3003,0.43,-0.71,0.0103
3004,0.43,-0.67,0.0104
3005,0.31,-0.64,0.0103
3006,0.31,-0.28,0.0104
3007,-0.75,0.08,0.0103
3008,-0.75,0.45,0.0104
3009,-0.98,0.63,0.0103
3010,-0.98,0.70,0.0104
3011,-0.81,0.79,0.0103
3012,-0.81,0.42,0.0104
3013,0.63,-0.06,0.0103
3014,0.63,-0.45,0.0104
3015,1.00,-0.76,0.0103
3016,1.00,-1.00,0.0104
3017,1.00,-1.10,0.0103
3018,1.00,-0.94,0.0104
3019,-0.04,-0.58,0.0103
3020,-0.04,-0.16,0.0104
3021,-0.57,0.07,0.0103
3022,-0.57,0.23,0.0104
3023,-0.28,0.25,0.0103
3024,-0.28,0.19,0.0104
3025,0.14,0.08,0.0103
3026,0.14,-0.03,0.0104
3027,0.34,-0.14,0.0103
3028,0.34,-0.24,0.0104
3029,0.53,-0.37,0.0103
3030,0.53,-0.47,0.0104
3031,0.73,-0.60,0.0103
3032,0.73,-0.72,0.0104
3033,0.63,-0.64,0.0103
3034,0.63,-0.31,0.0104
3035,-0.25,-0.07,0.0103
3036,-0.25,0.13,0.0104
3037,-0.17,0.20,0.0103
3038,-0.17,0.35,0.0104
3039,-0.23,0.38,0.0103
3040,-0.23,0.28,0.0104
3041,0.19,0.19,0.0103
3042,0.19,0.10,0.0104
3043,0.35,-0.02,0.0103
3044,0.35,-0.16,0.0104
3045,0.48,-0.21,0.0103
3046,0.48,-0.28,0.0104
3047,0.60,-0.39,0.0103
3048,0.60,-0.48,0.0104
3049,0.60,-0.46,0.0103
3050,0.60,-0.57,0.0104
3051,-0.05,-0.07,0.0103
3052,-0.05,0.28,0.0104
3053,-0.59,0.48,0.0103
3054,-0.59,0.58,0.0104
3055,-0.32,0.59,0.0103
3056,-0.32,0.51,0.0104
3057,-0.05,0.45,0.0103
3058,-0.05,0.37,0.0104
3059,0.00,0.32,0.0103
3060,0.00,0.03,0.0104
3061,0.68,-0.20,0.0103
3062,0.68,-0.30,0.0104
3063,0.50,-0.37,0.0103
3064,0.50,-0.43,0.0104
3065,0.61,-0.50,0.0103
3066,0.61,-0.56,0.0104
3067,0.31,-0.36,0.0103
3068,0.31,0.03,0.0104
3069,-0.67,0.34,0.0103
3070,-0.67,0.47,0.0104
3071,-0.31,0.50,0.0103
3072,-0.31,0.47,0.0104
3073,-0.18,0.47,0.0103
3074,-0.18,0.31,0.0104
3075,0.64,-0.08,0.0103
3076,0.64,-0.25,0.0104
3077,0.73,-0.44,0.0103
3078,0.73,-0.55,0.0104
3079,0.67,-0.57,0.0103
3080,0.67,-0.35,0.0104
3081,-0.42,0.06,0.0103
3082,-0.42,0.45,0.0104
3083,-1.04,0.79,0.0103
3084,-1.04,0.99,0.0104
3085,-0.91,1.07,0.0103
3086,-0.91,0.86,0.0104
3087,0.30,0.41,0.0103
3088,0.30,0.08,0.0104
3089,0.57,-0.15,0.0103
3090,0.57,-0.40,0.0104
3091,0.89,-0.65,0.0103
3092,0.89,-0.72,0.0104
3093,0.46,-0.62,0.0103
3094,0.46,-0.50,0.0104
3095,-0.06,-0.25,0.0103
3096,-0.06,-0.11,0.0104
3097,-0.35,0.15,0.0103
3098,-0.35,0.46,0.0104
3099,-0.88,0.69,0.0103
3100,-0.88,0.84,0.0104
3101,-0.89,0.96,0.0103
3102,-0.89,1.16,0.0104
3103,-0.85,1.03,0.0103
3104,-0.85,0.49,0.0104
3105,0.55,0.13,0.0103
3106,0.55,-0.16,0.0104
3107,0.50,-0.34,0.0103
3108,0.50,-0.65,0.0104
3109,1.00,-0.89,0.0103
3110,1.00,-0.91,0.0104
3111,0.56,-0.88,0.0103
3112,0.56,-0.82,0.0104
3113,-0.37,-0.24,0.0103
3114,-0.37,0.28,0.0104
3115,-1.28,0.69,0.0103
3116,-1.28,0.95,0.0104
3117,-1.21,1.13,0.0103
3118,-1.21,1.26,0.0104
3119,-0.62,0.93,0.0103
3120,-0.62,0.63,0.0104
3121,0.12,0.31,0.0103
3122,0.12,0.03,0.0104
3123,0.29,-0.16,0.0103
3124,0.29,-0.51,0.0104
3125,0.70,-0.66,0.0103
3126,0.70,-0.78,0.0104
3127,0.59,-0.84,0.0103
3128,0.59,-0.84,0.0104
3129,0.51,-0.83,0.0103
3130,0.51,-0.42,0.0104
3131,-0.56,-0.12,0.0103
3132,-0.56,0.18,0.0104
3133,-0.84,0.46,0.0103
3134,-0.84,0.57,0.0104
3135,-0.62,0.62,0.0103
3136,-0.62,0.64,0.0104
3137,-0.69,0.71,0.0103
3138,-0.69,0.70,0.0104
3139,0.02,0.28,0.0103
3140,0.02,-0.11,0.0104
3141,0.88,-0.50,0.0103
3142,0.88,-0.73,0.0104
3143,0.70,-0.80,0.0103
3144,0.70,-0.76,0.0104
3145,0.42,-0.74,0.0103
3146,0.42,-0.36,0.0104
3147,-0.65,-0.00,0.0103
3148,-0.65,0.30,0.0103
3149,-0.83,0.51,0.0103
3150,-0.83,0.62,0.0104
3151,-0.58,0.62,0.0103
3152,-0.58,0.67,0.0104
3153,-0.67,0.70,0.0103
3154,-0.67,0.57,0.0104
3155,0.26,0.12,0.0103
3156,0.26,-0.23,0.0104
3157,0.73,-0.49,0.0103
3158,0.73,-0.68,0.0104
3159,0.62,-0.74,0.0103
3160,0.62,-0.72,0.0104
3161,0.22,-0.59,0.0103
3162,0.22,-0.38,0.0104
3163,0.01,-0.34,0.0103
3164,0.01,-0.38,0.0104
3165,0.09,-0.22,0.0103
3166,0.09,-0.13,0.0104
3167,-0.15,0.00,0.0103
3168,-0.15,0.09,0.0103
3169,-0.21,0.17,0.0103
3170,-0.21,0.15,0.0104
3171,-0.01,0.12,0.0103
3172,-0.01,0.06,0.0104
3173,0.16,-0.01,0.0103
3174,0.16,-0.05,0.0104
3175,0.10,-0.05,0.0103
3176,0.10,-0.11,0.0104
3177,0.25,-0.16,0.0103
3178,0.25,-0.19,0.0104
3179,0.23,-0.20,0.0103
3180,0.23,-0.27,0.0104
3181,0.40,-0.31,0.0103
3182,0.40,-0.17,0.0104
3183,0.05,-0.14,0.0103
3184,0.05,-0.12,0.0104
3185,-0.12,0.07,0.0103
3186,-0.12,0.26,0.0104
3187,-0.27,0.27,0.0103
3188,-0.27,0.25,0.0104
3189,-0.06,0.24,0.0103
3190,-0.06,0.20,0.0104
3191,0.02,0.16,0.0103
3192,0.02,0.16,0.0104
3193,-0.11,0.18,0.0103
3194,-0.11,0.20,0.0104
3195,0.20,-0.01,0.0103
3196,0.20,-0.08,0.0103
3197,0.23,-0.13,0.0103
3198,0.23,-0.11,0.0104
3199,0.11,-0.12,0.0103
3200,0.11,-0.12,0.0104
3201,0.08,-0.08,0.0103
3202,0.08,-0.06,0.0104
3203,0.08,-0.06,0.0103
3204,0.08,-0.04,0.0104
3205,-0.05,0.04,0.0103
3206,-0.05,0.16,0.0104
3207,-0.23,0.20,0.0103
3208,-0.23,0.25,0.0104
3209,-0.28,0.31,0.0103
3210,-0.28,0.33,0.0104
3211,-0.27,0.34,0.0103
3212,-0.27,0.40,0.0104
3213,-0.41,0.42,0.0103
3214,-0.41,0.43,0.0104
3215,0.38,-0.04,0.0103
3216,0.38,-0.18,0.0104
3217,0.32,-0.26,0.0103
3218,0.32,-0.25,0.0104
3219,0.03,-0.19,0.0103
3220,0.03,-0.15,0.0104
3221,0.01,-0.12,0.0103
3222,0.01,-0.08,0.0104
3223,-0.39,0.16,0.0103
3224,-0.39,0.25,0.0103
3225,-0.35,0.29,0.0103
3226,-0.35,0.36,0.0104
3227,-0.49,0.43,0.0103
3228,-0.49,0.46,0.0104
3229,-0.44,0.45,0.0103
3230,-0.44,0.21,0.0104
3231,0.46,-0.12,0.0103
3232,0.46,-0.40,0.0104
3233,0.57,-0.50,0.0103
3234,0.57,-0.45,0.0104
3235,0.13,-0.41,0.0103
3236,0.13,-0.36,0.0104
3237,-0.03,-0.23,0.0103
3238,-0.03,-0.17,0.0104
3239,-0.46,0.14,0.0103
3240,-0.46,0.37,0.0104
3241,-0.78,0.54,0.0103
3242,-0.78,0.56,0.0104
3243,-0.60,0.62,0.0103
3244,-0.60,0.78,0.0104
3245,-0.12,0.33,0.0103
3246,-0.12,0.05,0.0104
3247,0.52,-0.25,0.0103
3248,0.52,-0.43,0.0104
3249,0.41,-0.49,0.0103
3250,0.41,-0.49,0.0104
3251,0.22,-0.48,0.0103
3252,0.22,-0.47,0.0104
3253,0.24,-0.45,0.0103
3254,0.24,-0.54,0.0104
3255,0.16,-0.36,0.0103
3256,0.16,-0.15,0.0104
3257,-0.27,-0.02,0.0103
3258,-0.27,0.08,0.0104
3259,-0.25,0.16,0.0103
3260,-0.25,0.09,0.0104
3261,0.12,0.02,0.0103
3262,0.12,-0.01,0.0104
3263,0.07,-0.03,0.0102
3264,0.07,-0.07,0.0104
3265,0.18,-0.12,0.0103
3266,0.18,-0.15,0.0104
3267,0.24,-0.20,0.0103
3268,0.24,-0.24,0.0104
3269,0.40,-0.33,0.0103
3270,0.40,-0.13,0.0104
3271,-0.20,-0.01,0.0103
3272,-0.20,0.01,0.0104
3273,0.03,0.02,0.0102
3274,0.03,0.10,0.0104
3275,-0.11,0.13,0.0103
3276,-0.11,0.12,0.0104
3277,0.03,0.09,0.0103
3278,0.03,0.02,0.0104
3279,0.16,-0.02,0.0103
3280,0.16,-0.04,0.0104
3281,0.17,-0.08,0.0103
3282,0.17,-0.13,0.0104
3283,0.22,-0.14,0.0103
3284,0.22,-0.15,0.0104
3285,0.25,-0.18,0.0103
3286,0.25,-0.14,0.0104
3287,0.15,-0.14,0.0103
3288,0.15,-0.22,0.0104
3289,-0.03,0.01,0.0103
3290,-0.03,0.12,0.0103
3291,-0.08,0.12,0.0103
3292,-0.08,0.13,0.0104
3293,0.03,0.11,0.0103
3294,0.03,0.06,0.0104
3295,0.11,0.05,0.0103
3296,0.11,0.07,0.0104
3297,0.02,0.07,0.0103
3298,0.02,0.04,0.0104
3299,0.03,0.06,0.0103
3300,0.03,0.10,0.0104
3301,0.08,0.03,0.0103
3302,0.08,0.05,0.0104
3303,-0.01,0.06,0.0103
3304,-0.01,-0.05,0.0104
3305,0.22,-0.07,0.0103
3306,0.22,-0.02,0.0104
3307,0.02,-0.01,0.0103
3308,0.02,-0.01,0.0103
3309,0.01,0.03,0.0102
3310,0.01,0.07,0.0104
3311,-0.03,0.08,0.0103
3312,-0.03,0.10,0.0104
3313,-0.12,0.15,0.0103
3314,-0.12,0.19,0.0104
3315,-0.18,0.22,0.0103
3316,-0.18,0.26,0.0104
3317,-0.29,0.31,0.0103
3318,-0.29,0.13,0.0104
3319,0.15,0.07,0.0103
3320,0.15,0.15,0.0104
3321,-0.23,0.17,0.0103
3322,-0.23,0.06,0.0104
3323,-0.02,0.08,0.0103
3324,-0.02,0.13,0.0104
3325,-0.11,0.09,0.0103
3326,-0.11,0.09,0.0104
3327,-0.24,0.16,0.0103
3328,-0.24,0.18,0.0103
3329,-0.22,0.18,0.0103
3330,-0.22,0.21,0.0104
3331,-0.35,0.26,0.0103
3332,-0.35,0.26,0.0104
3333,-0.35,0.28,0.0103
3334,-0.35,0.30,0.0104
3335,-0.43,0.33,0.0103
3336,-0.43,0.32,0.0104
3337,-0.44,0.35,0.0103
3338,-0.44,0.36,0.0104
3339,-0.51,0.38,0.0103
3340,-0.51,0.40,0.0104
3341,-0.58,0.41,0.0103
3342,-0.58,0.40,0.0104
3343,-0.52,0.37,0.0103
3344,-0.52,0.32,0.0104
3345,-0.33,0.20,0.0103
3346,-0.33,0.11,0.0104
3347,-0.16,-0.01,0.0103
3348,-0.16,-0.10,0.0103
3349,-0.11,-0.16,0.0103
3350,-0.11,-0.20,0.0104
3351,-0.21,-0.17,0.0103
3352,-0.21,-0.14,0.0104
3353,-0.24,-0.15,0.0103
3354,-0.24,-0.19,0.0104
3355,-0.12,-0.20,0.0103
3356,-0.12,-0.16,0.0104
3357,-0.40,-0.04,0.0103
3358,-0.40,0.00,0.0104
3359,-0.19,-0.08,0.0102
3360,-0.19,0.14,0.0104
3361,-0.92,0.35,0.0103
3362,-0.92,0.41,0.0104
3363,-0.78,0.49,0.0103
3364,-0.78,0.47,0.0104
3365,-0.55,0.39,0.0103
3366,-0.55,-0.38,0.0104
3367,1.39,-0.88,0.0103
3368,1.39,-1.25,0.0104
3369,1.19,-1.42,0.0103
3370,1.19,-1.13,0.0104
3371,-0.47,-0.60,0.0103
3372,-0.47,-0.13,0.0104
3373,-0.96,0.19,0.0103
3374,-0.96,0.37,0.0104
3375,-0.71,0.47,0.0103
3376,-0.71,0.53,0.0104
3377,-0.76,0.62,0.0103
3378,-0.76,0.70,0.0104
3379,-1.02,0.83,0.0103
3380,-1.02,0.60,0.0104
3381,0.27,0.10,0.0103
3382,0.27,-0.25,0.0104
3383,0.47,-0.43,0.0103
