19,-0.50,0.69,0.0102
20,-0.50,0.93,0.0103
21,-0.74,1.03,0.0102
22,-0.74,1.05,0.0103
23,-0.71,0.99,0.0102
24,-0.71,0.92,0.0103
25,-0.69,0.96,0.0102
26,-0.69,0.55,0.0103
27,-0.13,0.18,0.0102
28,-0.13,-0.13,0.0103
29,0.30,-0.42,0.0102
30,0.30,-0.55,0.0103
31,0.51,-0.71,0.0102
32,0.51,-0.79,0.0103
33,0.59,-0.81,0.0102
34,0.59,-0.90,0.0103
35,0.74,-1.03,0.0102
36,0.74,-1.16,0.0103
37,0.72,-1.00,0.0102
38,0.72,-0.65,0.0103
39,0.30,-0.42,0.0102
40,0.30,-0.16,0.0103
41,-0.01,0.01,0.0102
42,-0.01,0.14,0.0103
43,-0.13,0.19,0.0102
44,-0.13,0.17,0.0103
45,-0.00,0.01,0.0102
46,-0.00,-0.17,0.0102
47,0.22,-0.31,0.0102
48,0.22,-0.46,0.0103
49,0.41,-0.57,0.0102
50,0.41,-0.65,0.0103
51,0.45,-0.63,0.0102
52,0.45,-0.51,0.0103
53,0.36,-0.50,0.0102
54,0.36,-0.49,0.0103
55,0.32,-0.44,0.0102
56,0.32,-0.43,0.0103
57,0.30,-0.42,0.0102
58,0.30,-0.35,0.0103
59,0.22,-0.31,0.0102
60,0.22,-0.23,0.0103
61,0.10,-0.14,0.0102
62,0.10,-0.04,0.0103
63,0.00,-0.00,0.0102
64,0.00,0.03,0.0102
65,-0.04,0.06,0.0102
66,-0.04,0.05,0.0103
67,-0.04,0.06,0.0102
68,-0.04,0.09,0.0103
69,-0.10,0.14,0.0102
70,-0.10,0.17,0.0103
71,-0.14,0.20,0.0102
72,-0.14,0.25,0.0103
73,-0.21,0.30,0.0102
74,-0.21,0.33,0.0103
75,-0.23,0.32,0.0102
76,-0.23,0.22,0.0103
77,-0.17,0.24,0.0102
78,-0.17,0.14,0.0103
79,-0.04,0.06,0.0102
80,-0.04,-0.09,0.0103
81,0.07,-0.09,0.0103
82,0.07,-0.06,0.0103
83,-0.02,0.02,0.0102
84,-0.02,0.12,0.0103
85,-0.15,0.21,0.0102
86,-0.15,0.31,0.0103
87,-0.29,0.40,0.0102
88,-0.29,0.47,0.0103
89,-0.37,0.51,0.0102
90,-0.37,0.45,0.0103
91,-0.31,0.43,0.0102
92,-0.31,0.39,0.0103
93,-0.20,0.28,0.0102
94,-0.20,0.16,0.0103
95,-0.09,0.13,0.0102
96,-0.09,0.08,0.0103
97,0.00,-0.00,0.0102
98,0.00,-0.03,0.0102
99,-0.03,0.04,0.0102
100,-0.03,0.09,0.0103
101,-0.09,0.12,0.0102
102,-0.09,0.13,0.0103
103,-0.13,0.17,0.0102
104,-0.13,0.18,0.0103
105,-0.14,0.19,0.0103
106,-0.14,0.22,0.0103
107,-0.19,0.26,0.0102
108,-0.19,0.25,0.0103
109,-0.20,0.27,0.0102
110,-0.20,0.28,0.0103
111,-0.22,0.30,0.0103
112,-0.22,0.31,0.0103
113,-0.23,0.32,0.0102
114,-0.23,0.32,0.0103
115,-0.24,0.33,0.0102
116,-0.24,0.32,0.0103
117,-0.23,0.32,0.0103
118,-0.23,0.30,0.0103
119,-0.20,0.28,0.0102
120,-0.20,0.25,0.0103
121,-0.16,0.22,0.0102
122,-0.16,0.19,0.0103
123,-0.12,0.17,0.0102
124,-0.12,0.15,0.0103
125,-0.10,0.14,0.0102
126,-0.10,0.12,0.0103
127,-0.08,0.11,0.0102
128,-0.08,0.10,0.0103
129,-0.07,0.09,0.0103
130,-0.07,0.08,0.0103
131,-0.06,0.08,0.0103
132,-0.06,0.07,0.0103
133,-0.05,0.07,0.0103
134,-0.05,0.05,0.0103
135,-0.01,0.02,0.0102
136,-0.01,-0.00,0.0103
137,0.02,-0.03,0.0101
138,0.02,-0.06,0.0103
139,0.06,-0.09,0.0102
140,0.06,-0.12,0.0103
141,0.12,-0.16,0.0103
142,0.12,-0.19,0.0103
143,0.17,-0.24,0.0103
144,0.17,-0.29,0.0103
145,0.24,-0.34,0.0103
146,0.24,-0.38,0.0103
147,0.32,-0.44,0.0103
148,0.32,-0.45,0.0103
149,0.24,-0.33,0.0103
150,0.24,-0.16,0.0103
151,0.03,-0.04,0.0103
152,0.03,0.04,0.0104
153,-0.06,0.08,0.0102
154,-0.06,0.14,0.0103
155,-0.09,0.13,0.0102
156,-0.09,0.11,0.0103
157,-0.05,0.07,0.0102
158,-0.05,0.05,0.0103
159,-0.04,0.05,0.0102
160,-0.04,0.06,0.0103
161,-0.02,0.03,0.0103
162,-0.02,0.03,0.0103
163,-0.03,0.04,0.0102
164,-0.03,0.05,0.0103
165,-0.06,0.08,0.0103
166,-0.06,0.07,0.0103
167,-0.03,0.05,0.0103
168,-0.03,0.05,0.0103
169,-0.07,0.10,0.0102
170,-0.07,0.09,0.0103
171,-0.06,0.09,0.0102
172,-0.06,0.14,0.0103
173,-0.14,0.20,0.0102
174,-0.14,0.16,0.0103
175,-0.09,0.12,0.0103
176,-0.09,0.18,0.0103
177,-0.21,0.29,0.0103
178,-0.21,0.28,0.0103
179,-0.23,0.31,0.0102
180,-0.23,0.41,0.0103
181,-0.33,0.46,0.0102
182,-0.33,0.49,0.0103
183,-0.40,0.55,0.0102
184,-0.40,0.64,0.0103
185,-0.49,0.69,0.0103
186,-0.49,0.71,0.0103
187,-0.54,0.76,0.0102
188,-0.54,0.75,0.0103
189,-0.51,0.71,0.0103
190,-0.51,0.69,0.0103
191,-0.48,0.66,0.0103
192,-0.48,0.61,0.0103
193,-0.41,0.57,0.0103
194,-0.41,0.50,0.0103
195,-0.28,0.39,0.0102
196,-0.28,0.28,0.0103
197,-0.12,0.17,0.0102
198,-0.12,0.08,0.0103
199,0.04,-0.05,0.0102
200,0.04,-0.10,0.0103
201,0.05,-0.07,0.0103
202,0.05,0.01,0.0103
203,-0.05,0.08,0.0101
204,-0.05,0.13,0.0103
205,-0.11,0.15,0.0103
206,-0.11,0.18,0.0103
207,-0.18,0.25,0.0103
208,-0.18,0.28,0.0103
209,-0.22,0.31,0.0103
210,-0.22,0.32,0.0103
211,-0.26,0.36,0.0103
212,-0.26,0.39,0.0104
213,-0.29,0.40,0.0103
214,-0.29,0.41,0.0103
215,-0.31,0.42,0.0102
216,-0.31,0.42,0.0103
217,-0.31,0.43,0.0102
218,-0.31,0.42,0.0103
219,-0.30,0.42,0.0102
220,-0.30,0.39,0.0103
221,-0.27,0.38,0.0102
222,-0.27,0.35,0.0103
223,-0.24,0.33,0.0103
224,-0.24,0.29,0.0103
225,-0.17,0.24,0.0103
226,-0.17,0.20,0.0103
227,-0.13,0.17,0.0103
228,-0.13,0.14,0.0103
229,-0.07,0.10,0.0102
230,-0.07,0.03,0.0103
231,0.01,-0.01,0.0102
232,0.01,-0.06,0.0104
233,0.09,-0.12,0.0103
234,0.09,-0.19,0.0104
235,0.18,-0.25,0.0103
236,0.18,-0.34,0.0103
237,0.30,-0.42,0.0103
238,0.30,-0.51,0.0103
239,0.44,-0.61,0.0102
240,0.44,-0.73,0.0103
241,0.59,-0.82,0.0102
242,0.59,-0.76,0.0103
243,0.35,-0.49,0.0103
244,0.35,-0.30,0.0104
245,0.12,-0.16,0.0103
246,0.12,-0.06,0.0104
247,0.03,-0.05,0.0102
248,0.03,0.10,0.0103
249,-0.12,0.16,0.0102
250,-0.12,0.13,0.0103
251,0.02,-0.03,0.0102
252,0.02,-0.16,0.0103
253,0.20,-0.27,0.0103
254,0.20,-0.41,0.0103
255,0.38,-0.53,0.0103
256,0.38,-0.63,0.0103
257,0.49,-0.68,0.0103
258,0.49,-0.79,0.0103
259,0.60,-0.83,0.0103
260,0.60,-0.85,0.0103
261,0.58,-0.80,0.0103
262,0.58,-0.74,0.0103
263,0.48,-0.67,0.0102
264,0.48,-0.53,0.0103
265,0.29,-0.40,0.0103
266,0.29,-0.27,0.0103
267,0.12,-0.17,0.0103
268,0.12,-0.04,0.0103
269,-0.06,0.08,0.0103
270,-0.06,0.14,0.0103
271,-0.12,0.17,0.0102
272,-0.12,0.15,0.0103
273,-0.07,0.09,0.0102
274,-0.07,-0.00,0.0103
275,0.06,-0.09,0.0101
276,0.06,-0.13,0.0103
277,0.11,-0.15,0.0103
278,0.11,-0.21,0.0104
279,0.16,-0.22,0.0103
280,0.16,-0.22,0.0103
281,0.20,-0.28,0.0103
282,0.20,-0.34,0.0103
283,0.23,-0.32,0.0102
284,0.23,-0.32,0.0103
285,0.28,-0.39,0.0102
286,0.28,-0.40,0.0103
287,0.28,-0.39,0.0103
288,0.28,-0.40,0.0104
289,0.30,-0.42,0.0103
290,0.30,-0.38,0.0103
291,0.26,-0.36,0.0103
292,0.26,-0.33,0.0103
293,0.22,-0.30,0.0103
294,0.22,-0.30,0.0103
295,0.23,-0.32,0.0103
296,0.23,-0.33,0.0103
297,0.24,-0.33,0.0103
298,0.24,-0.33,0.0103
299,0.26,-0.36,0.0103
300,0.26,-0.38,0.0104
301,0.27,-0.38,0.0103
302,0.27,-0.38,0.0103
303,0.28,-0.39,0.0103
304,0.28,-0.37,0.0103
305,0.26,-0.36,0.0103
306,0.26,-0.35,0.0103
307,0.23,-0.32,0.0103
308,0.23,-0.29,0.0103
309,0.18,-0.26,0.0103
310,0.18,-0.22,0.0104
311,0.12,-0.17,0.0103
312,0.12,-0.14,0.0103
313,0.06,-0.09,0.0103
314,0.06,-0.06,0.0103
315,0.02,-0.03,0.0103
316,0.02,-0.01,0.0103
317,-0.02,0.03,0.0103
318,-0.02,0.07,0.0103
319,-0.07,0.10,0.0103
320,-0.07,0.15,0.0103
321,-0.14,0.20,0.0103
322,-0.14,0.26,0.0103
323,-0.22,0.30,0.0103
324,-0.22,0.36,0.0103
325,-0.29,0.40,0.0102
326,-0.29,0.48,0.0103
327,-0.35,0.48,0.0103
328,-0.35,0.43,0.0103
329,-0.37,0.51,0.0103
330,-0.37,0.44,0.0103
331,-0.28,0.39,0.0103
332,-0.28,0.21,0.0104
333,-0.06,0.09,0.0103
334,-0.06,-0.14,0.0103
335,0.18,-0.25,0.0103
336,0.18,-0.20,0.0103
337,0.08,-0.12,0.0102
338,0.08,-0.02,0.0103
339,-0.07,0.10,0.0103
340,-0.07,0.20,0.0104
341,-0.20,0.27,0.0103
342,-0.20,0.34,0.0103
343,-0.34,0.47,0.0102
344,-0.34,0.57,0.0103
345,-0.40,0.55,0.0103
346,-0.40,0.57,0.0103
347,-0.39,0.54,0.0103
348,-0.39,0.44,0.0104
349,-0.29,0.40,0.0102
350,-0.29,0.35,0.0103
351,-0.18,0.25,0.0103
352,-0.18,0.17,0.0103
353,-0.08,0.12,0.0103
354,-0.08,0.07,0.0103
355,-0.03,0.04,0.0103
356,-0.03,0.03,0.0103
357,-0.02,0.03,0.0103
358,-0.02,0.03,0.0103
359,-0.04,0.06,0.0102
360,-0.04,0.13,0.0103
361,-0.15,0.21,0.0103
362,-0.15,0.29,0.0104
363,-0.26,0.37,0.0103
364,-0.26,0.43,0.0103
365,-0.34,0.47,0.0103
366,-0.34,0.53,0.0103
367,-0.41,0.57,0.0103
368,-0.41,0.60,0.0103
369,-0.43,0.59,0.0103
370,-0.43,0.57,0.0103
371,-0.40,0.55,0.0102
372,-0.40,0.52,0.0103
373,-0.34,0.48,0.0103
374,-0.34,0.43,0.0104
375,-0.25,0.35,0.0103
376,-0.25,0.31,0.0103
377,-0.18,0.24,0.0102
378,-0.18,0.17,0.0103
379,-0.06,0.09,0.0103
380,-0.06,0.04,0.0103
381,0.00,-0.00,0.0103
382,0.00,-0.03,0.0102
383,0.02,-0.03,0.0103
384,0.02,-0.02,0.0103
385,0.01,-0.01,0.0103
386,0.01,-0.04,0.0104
387,0.05,-0.07,0.0103
388,0.05,-0.10,0.0104
389,0.10,-0.14,0.0103
390,0.10,-0.19,0.0103
391,0.18,-0.25,0.0103
392,0.18,-0.30,0.0103
393,0.26,-0.37,0.0103
394,0.26,-0.45,0.0104
395,0.35,-0.48,0.0103
396,0.35,-0.42,0.0104
397,0.25,-0.35,0.0103
398,0.25,-0.19,0.0103
399,0.03,-0.05,0.0103
400,0.03,-0.06,0.0103
401,0.08,-0.12,0.0103
402,0.08,-0.03,0.0103
403,-0.03,0.04,0.0103
404,-0.03,-0.02,0.0103
405,0.10,-0.13,0.0103
406,0.10,-0.20,0.0103
407,0.20,-0.28,0.0103
408,0.20,-0.38,0.0103
409,0.33,-0.45,0.0102
410,0.33,-0.52,0.0103
411,0.45,-0.62,0.0102
412,0.45,-0.67,0.0103
413,0.52,-0.72,0.0103
414,0.52,-0.79,0.0103
415,0.61,-0.85,0.0103
416,0.61,-0.81,0.0103
417,0.54,-0.76,0.0103
418,0.54,-0.68,0.0103
419,0.44,-0.61,0.0103
420,0.44,-0.53,0.0103
421,0.31,-0.43,0.0102
422,0.31,-0.34,0.0103
423,0.18,-0.26,0.0103
424,0.18,-0.15,0.0103
425,0.04,-0.05,0.0103
426,0.04,0.05,0.0104
427,-0.04,0.05,0.0102
428,-0.04,0.04,0.0103
429,-0.00,0.00,0.0103
430,-0.00,-0.06,0.0102
431,0.10,-0.14,0.0103
432,0.10,-0.22,0.0103
433,0.16,-0.22,0.0103
434,0.16,-0.27,0.0104
435,0.26,-0.37,0.0103
436,0.26,-0.41,0.0103
437,0.31,-0.43,0.0103
438,0.31,-0.48,0.0104
439,0.36,-0.51,0.0103
440,0.36,-0.52,0.0103
441,0.38,-0.53,0.0102
442,0.38,-0.52,0.0103
443,0.34,-0.48,0.0102
444,0.34,-0.41,0.0103
445,0.24,-0.33,0.0102
446,0.24,-0.29,0.0103
447,0.17,-0.23,0.0103
448,0.17,-0.18,0.0104
449,0.10,-0.13,0.0103
450,0.10,-0.13,0.0104
451,0.05,-0.07,0.0103
452,0.05,-0.02,0.0103
453,-0.01,0.02,0.0103
454,-0.01,0.04,0.0103
455,-0.05,0.07,0.0102
456,-0.05,0.10,0.0103
457,-0.09,0.13,0.0103
458,-0.09,0.15,0.0103
459,-0.13,0.19,0.0103
460,-0.13,0.23,0.0104
461,-0.20,0.28,0.0102
462,-0.20,0.33,0.0103
463,-0.29,0.40,0.0103
464,-0.29,0.36,0.0103
465,-0.30,0.42,0.0102
466,-0.30,0.39,0.0103
467,-0.16,0.22,0.0103
468,-0.16,0.07,0.0103
469,-0.04,0.05,0.0103
470,-0.04,0.15,0.0104
471,-0.07,0.10,0.0103
472,-0.07,0.07,0.0103
473,-0.07,0.09,0.0102
474,-0.07,0.16,0.0103
475,-0.12,0.16,0.0103
476,-0.12,0.19,0.0103
477,-0.22,0.30,0.0102
478,-0.22,0.36,0.0103
479,-0.29,0.41,0.0102
480,-0.29,0.47,0.0103
481,-0.41,0.57,0.0103
482,-0.41,0.63,0.0104
483,-0.49,0.68,0.0103
484,-0.49,0.77,0.0103
485,-0.58,0.81,0.0103
486,-0.58,0.79,0.0103
487,-0.56,0.77,0.0103
488,-0.56,0.72,0.0103
489,-0.45,0.62,0.0103
490,-0.45,0.50,0.0103
491,-0.27,0.38,0.0103
492,-0.27,0.26,0.0103
493,-0.09,0.12,0.0103
494,-0.09,0.05,0.0103
495,0.02,-0.03,0.0103
496,0.02,-0.05,0.0103
497,-0.00,0.00,0.0103
498,-0.00,0.11,0.0102
499,-0.18,0.25,0.0102
500,-0.18,0.38,0.0103
501,-0.33,0.46,0.0103
502,-0.33,0.57,0.0103
503,-0.47,0.65,0.0103
504,-0.47,0.75,0.0103
505,-0.57,0.80,0.0103
506,-0.57,0.86,0.0103
507,-0.64,0.89,0.0103
508,-0.64,0.86,0.0103
509,-0.56,0.77,0.0103
510,-0.56,0.73,0.0103
511,-0.46,0.65,0.0103
512,-0.46,0.54,0.0104
513,-0.32,0.45,0.0103
514,-0.32,0.34,0.0104
515,-0.15,0.20,0.0103
516,-0.15,0.04,0.0103
517,0.06,-0.08,0.0102
518,0.06,-0.13,0.0103
519,0.10,-0.14,0.0103
520,0.10,-0.08,0.0103
521,-0.00,0.01,0.0103
522,-0.00,0.08,0.0102
523,-0.12,0.16,0.0103
524,-0.12,0.22,0.0103
525,-0.18,0.25,0.0103
526,-0.18,0.25,0.0103
527,-0.22,0.31,0.0103
528,-0.22,0.31,0.0103
529,-0.20,0.28,0.0103
530,-0.20,0.32,0.0103
531,-0.28,0.40,0.0103
532,-0.28,0.39,0.0103
533,-0.28,0.38,0.0102
534,-0.28,0.39,0.0103
535,-0.29,0.41,0.0103
536,-0.29,0.40,0.0103
537,-0.28,0.39,0.0103
538,-0.28,0.40,0.0103
539,-0.30,0.42,0.0102
540,-0.30,0.40,0.0103
541,-0.29,0.40,0.0102
542,-0.29,0.39,0.0103
543,-0.29,0.40,0.0103
544,-0.29,0.40,0.0103
545,-0.28,0.39,0.0103
546,-0.28,0.35,0.0103
547,-0.23,0.32,0.0103
548,-0.23,0.27,0.0103
549,-0.17,0.23,0.0103
550,-0.17,0.18,0.0103
551,-0.12,0.16,0.0102
552,-0.12,0.12,0.0103
553,-0.06,0.09,0.0102
554,-0.06,0.04,0.0103
555,-0.01,0.02,0.0103
556,-0.01,0.00,0.0103
557,0.03,-0.03,0.0102
558,0.03,-0.07,0.0103
559,0.07,-0.10,0.0103
560,0.07,-0.15,0.0104
561,0.15,-0.21,0.0103
562,0.15,-0.27,0.0103
563,0.24,-0.33,0.0103
564,0.24,-0.39,0.0103
565,0.33,-0.46,0.0103
566,0.33,-0.52,0.0103
567,0.29,-0.41,0.0103
568,0.29,-0.38,0.0103
569,0.18,-0.24,0.0103
570,0.18,-0.16,0.0103
571,-0.00,0.01,0.0103
572,-0.00,0.09,0.0102
573,-0.03,0.05,0.0102
574,-0.03,-0.03,0.0103
575,0.09,-0.13,0.0103
576,0.09,-0.23,0.0104
577,0.26,-0.36,0.0103
578,0.26,-0.50,0.0103
579,0.36,-0.50,0.0103
580,0.36,-0.56,0.0104
581,0.50,-0.69,0.0103
582,0.50,-0.74,0.0104
583,0.48,-0.67,0.0103
584,0.48,-0.68,0.0103
585,0.49,-0.69,0.0102
586,0.49,-0.63,0.0103
587,0.43,-0.60,0.0103
588,0.43,-0.63,0.0103
589,0.39,-0.55,0.0103
590,0.39,-0.46,0.0103
591,0.30,-0.42,0.0103
592,0.30,-0.38,0.0104
593,0.20,-0.28,0.0103
594,0.20,-0.20,0.0103
595,0.10,-0.14,0.0103
596,0.10,-0.06,0.0103
597,0.01,-0.01,0.0103
598,0.01,-0.06,0.0102
599,0.10,-0.14,0.0103
600,0.10,-0.23,0.0103
601,0.24,-0.34,0.0103
602,0.24,-0.42,0.0103
603,0.40,-0.55,0.0103
604,0.40,-0.64,0.0104
605,0.53,-0.74,0.0103
606,0.53,-0.81,0.0103
607,0.63,-0.88,0.0102
608,0.63,-0.86,0.0103
609,0.59,-0.82,0.0102
610,0.59,-0.74,0.0103
611,0.48,-0.67,0.0103
612,0.48,-0.53,0.0103
613,0.32,-0.45,0.0103
614,0.32,-0.29,0.0104
615,0.10,-0.13,0.0103
616,0.10,0.03,0.0103
617,-0.08,0.11,0.0102
618,-0.08,0.09,0.0103
619,-0.01,0.01,0.0102
620,-0.01,-0.06,0.0103
621,0.14,-0.20,0.0103
622,0.14,-0.36,0.0103
623,0.34,-0.47,0.0103
624,0.34,-0.52,0.0103
625,0.42,-0.59,0.0103
626,0.42,-0.68,0.0103
627,0.51,-0.71,0.0102
628,0.51,-0.73,0.0103
629,0.54,-0.75,0.0103
630,0.54,-0.75,0.0103
631,0.50,-0.69,0.0102
632,0.50,-0.63,0.0104
633,0.39,-0.55,0.0103
634,0.39,-0.48,0.0104
635,0.25,-0.35,0.0103
636,0.25,-0.21,0.0103
637,0.08,-0.12,0.0102
638,0.08,-0.01,0.0103
639,-0.04,0.06,0.0101
640,-0.04,0.09,0.0103
641,-0.00,0.01,0.0103
642,-0.00,-0.06,0.0102
643,0.09,-0.13,0.0103
644,0.09,-0.21,0.0103
645,0.20,-0.27,0.0103
646,0.20,-0.34,0.0103
647,0.29,-0.40,0.0103
648,0.29,-0.47,0.0104
649,0.37,-0.51,0.0103
650,0.37,-0.57,0.0103
651,0.45,-0.62,0.0103
652,0.45,-0.65,0.0103
653,0.46,-0.64,0.0102
654,0.46,-0.63,0.0103
655,0.39,-0.54,0.0103
656,0.39,-0.41,0.0103
657,0.21,-0.29,0.0103
658,0.21,-0.20,0.0104
659,0.04,-0.06,0.0103
660,0.04,0.04,0.0104
661,-0.07,0.10,0.0102
662,-0.07,0.09,0.0103
663,-0.07,0.09,0.0102
664,-0.07,0.07,0.0103
665,-0.04,0.06,0.0102
666,-0.04,0.06,0.0103
667,-0.05,0.07,0.0102
668,-0.05,0.07,0.0103
669,-0.05,0.07,0.0103
670,-0.05,0.08,0.0104
671,-0.08,0.11,0.0102
672,-0.08,-0.00,0.0103
673,0.02,-0.03,0.0102
674,0.02,0.05,0.0103
675,-0.08,0.11,0.0102
676,-0.08,0.07,0.0103
677,-0.08,0.11,0.0102
678,-0.08,0.20,0.0103
679,-0.19,0.26,0.0103
680,-0.19,0.30,0.0103
681,-0.28,0.38,0.0103
682,-0.28,0.47,0.0103
683,-0.38,0.53,0.0103
684,-0.38,0.53,0.0103
685,-0.36,0.51,0.0103
686,-0.36,0.48,0.0103
687,-0.34,0.48,0.0103
688,-0.34,0.42,0.0104
689,-0.25,0.35,0.0103
690,-0.25,0.27,0.0103
691,-0.16,0.22,0.0103
692,-0.16,0.19,0.0103
693,-0.12,0.17,0.0103
694,-0.12,0.11,0.0103
695,-0.09,0.12,0.0102
696,-0.09,0.17,0.0103
697,-0.16,0.22,0.0103
698,-0.16,0.26,0.0103
699,-0.23,0.32,0.0102
700,-0.23,0.42,0.0103
701,-0.37,0.52,0.0103
702,-0.37,0.61,0.0104
703,-0.48,0.67,0.0103
704,-0.48,0.72,0.0103
705,-0.56,0.78,0.0103
706,-0.56,0.84,0.0103
707,-0.60,0.83,0.0103
708,-0.60,0.80,0.0103
709,-0.53,0.74,0.0102
710,-0.53,0.67,0.0103
711,-0.41,0.57,0.0103
712,-0.41,0.47,0.0103
713,-0.24,0.34,0.0102
714,-0.24,0.22,0.0103
715,-0.08,0.11,0.0103
716,-0.08,-0.02,0.0103
717,0.06,-0.08,0.0103
718,0.06,-0.06,0.0103
719,-0.05,0.07,0.0103
720,-0.05,0.21,0.0103
721,-0.23,0.32,0.0102
722,-0.23,0.43,0.0103
723,-0.40,0.56,0.0103
724,-0.40,0.66,0.0103
725,-0.55,0.77,0.0103
726,-0.55,0.89,0.0103
727,-0.72,1.00,0.0103
728,-0.72,1.05,0.0103
729,-0.78,1.09,0.0102
730,-0.78,1.06,0.0103
731,-0.70,0.97,0.0103
732,-0.70,0.87,0.0103
733,-0.51,0.71,0.0103
734,-0.51,0.51,0.0103
735,-0.20,0.28,0.0103
736,-0.20,0.06,0.0103
737,0.11,-0.15,0.0103
738,0.11,-0.29,0.0103
739,0.23,-0.32,0.0102
740,0.23,-0.28,0.0103
741,0.12,-0.16,0.0103
742,0.12,-0.02,0.0103
743,-0.09,0.12,0.0102
744,-0.09,0.27,0.0103
745,-0.30,0.42,0.0103
746,-0.30,0.54,0.0103
747,-0.49,0.68,0.0103
748,-0.49,0.64,0.0103
749,-0.45,0.62,0.0102
750,-0.45,0.54,0.0103
751,-0.33,0.46,0.0102
752,-0.33,0.34,0.0103
753,-0.20,0.27,0.0102
754,-0.20,0.21,0.0103
755,-0.07,0.10,0.0103
756,-0.07,0.03,0.0103
757,-0.02,0.02,0.0103
758,-0.02,0.03,0.0104
759,-0.02,0.03,0.0102
760,-0.02,0.09,0.0103
761,-0.13,0.18,0.0103
762,-0.13,0.26,0.0103
763,-0.23,0.32,0.0102
764,-0.23,0.40,0.0103
765,-0.35,0.49,0.0103
766,-0.35,0.58,0.0103
767,-0.46,0.64,0.0103
768,-0.46,0.71,0.0103
769,-0.56,0.77,0.0103
770,-0.56,0.81,0.0103
771,-0.59,0.83,0.0103
772,-0.59,0.85,0.0103
773,-0.60,0.83,0.0103
774,-0.60,0.75,0.0103
775,-0.45,0.63,0.0103
776,-0.45,0.50,0.0103
777,-0.23,0.33,0.0103
778,-0.23,0.12,0.0103
779,0.06,-0.09,0.0103
780,0.06,-0.19,0.0103
781,0.20,-0.28,0.0103
782,0.20,-0.26,0.0103
783,0.15,-0.20,0.0103
784,0.15,-0.16,0.0103
785,0.06,-0.09,0.0103
786,0.06,-0.05,0.0104
787,0.01,-0.02,0.0103
788,0.01,0.01,0.0104
789,-0.06,0.08,0.0102
790,-0.06,0.13,0.0103
791,-0.11,0.15,0.0103
792,-0.11,0.19,0.0103
793,-0.17,0.23,0.0102
794,-0.17,0.27,0.0103
795,-0.20,0.28,0.0103
796,-0.20,0.30,0.0103
797,-0.26,0.36,0.0103
798,-0.26,0.15,0.0103
799,-0.05,0.07,0.0103
800,-0.05,0.08,0.0104
801,-0.03,0.04,0.0103
802,-0.03,-0.03,0.0103
803,0.01,-0.01,0.0103
804,0.01,-0.00,0.0104
805,0.02,-0.03,0.0102
806,0.02,-0.07,0.0103
807,0.05,-0.07,0.0103
808,0.05,-0.10,0.0104
809,0.10,-0.14,0.0103
810,0.10,-0.16,0.0104
811,0.14,-0.20,0.0103
812,0.14,-0.25,0.0104
813,0.21,-0.29,0.0103
814,0.21,-0.34,0.0103
815,0.29,-0.41,0.0103
816,0.29,-0.47,0.0103
817,0.20,-0.27,0.0103
818,0.20,-0.12,0.0103
819,0.08,-0.11,0.0103
820,0.08,-0.23,0.0104
821,0.22,-0.30,0.0103
822,0.22,-0.21,0.0103
823,0.12,-0.17,0.0103
824,0.12,-0.19,0.0103
825,0.17,-0.23,0.0102
826,0.17,-0.19,0.0103
827,0.17,-0.24,0.0103
828,0.17,-0.32,0.0103
829,0.26,-0.36,0.0103
830,0.26,-0.38,0.0103
831,0.34,-0.47,0.0103
832,0.34,-0.54,0.0103
833,0.42,-0.59,0.0103
834,0.42,-0.62,0.0103
835,0.49,-0.68,0.0103
836,0.49,-0.68,0.0103
837,0.50,-0.69,0.0103
838,0.50,-0.63,0.0103
839,0.44,-0.61,0.0103
840,0.44,-0.55,0.0103
841,0.34,-0.47,0.0103
842,0.34,-0.37,0.0103
843,0.22,-0.30,0.0103
844,0.22,-0.26,0.0103
845,0.14,-0.20,0.0102
846,0.14,-0.18,0.0103
847,0.13,-0.18,0.0103
848,0.13,-0.19,0.0103
849,0.15,-0.20,0.0102
850,0.15,-0.21,0.0104
851,0.14,-0.20,0.0103
852,0.14,-0.20,0.0104
853,0.14,-0.20,0.0102
854,0.14,-0.22,0.0103
855,0.17,-0.23,0.0102
856,0.17,-0.26,0.0103
857,0.21,-0.29,0.0103
858,0.21,-0.35,0.0103
859,0.28,-0.39,0.0103
860,0.28,-0.45,0.0103
861,0.39,-0.54,0.0103
862,0.39,-0.62,0.0103
863,0.48,-0.67,0.0103
864,0.48,-0.70,0.0103
865,0.53,-0.73,0.0103
866,0.53,-0.74,0.0103
867,0.50,-0.69,0.0102
868,0.50,-0.62,0.0103
869,0.34,-0.47,0.0103
870,0.34,-0.39,0.0104
871,0.19,-0.26,0.0103
872,0.19,-0.15,0.0104
873,0.01,-0.01,0.0103
874,0.01,0.07,0.0104
875,-0.08,0.11,0.0102
876,-0.08,0.07,0.0103
877,-0.03,0.04,0.0102
878,-0.03,-0.02,0.0103
879,0.08,-0.11,0.0103
880,0.08,-0.17,0.0103
881,0.15,-0.20,0.0103
882,0.15,-0.18,0.0104
883,0.17,-0.24,0.0103
884,0.17,-0.27,0.0103
885,0.20,-0.28,0.0103
886,0.20,-0.32,0.0103
887,0.29,-0.40,0.0102
888,0.29,-0.45,0.0103
889,0.34,-0.47,0.0103
890,0.34,-0.52,0.0103
891,0.42,-0.59,0.0102
892,0.42,-0.61,0.0104
893,0.46,-0.64,0.0103
894,0.46,-0.63,0.0104
895,0.43,-0.59,0.0103
896,0.43,-0.53,0.0103
897,0.35,-0.49,0.0103
898,0.35,-0.42,0.0103
899,0.23,-0.32,0.0102
900,0.23,-0.23,0.0103
901,0.10,-0.14,0.0103
902,0.10,-0.06,0.0103
903,-0.01,0.01,0.0103
904,-0.01,0.07,0.0103
905,-0.08,0.11,0.0103
906,-0.08,0.12,0.0103
907,-0.07,0.10,0.0102
908,-0.07,0.11,0.0103
909,-0.11,0.16,0.0102
910,-0.11,0.20,0.0103
911,-0.15,0.21,0.0103
912,-0.15,0.24,0.0103
913,-0.21,0.29,0.0102
914,-0.21,0.15,0.0103
915,-0.09,0.13,0.0103
916,-0.09,0.23,0.0103
917,-0.11,0.16,0.0102
918,-0.11,0.10,0.0103
919,-0.06,0.08,0.0102
920,-0.06,0.10,0.0103
921,-0.14,0.19,0.0102
922,-0.14,0.26,0.0103
923,-0.19,0.27,0.0103
924,-0.19,0.30,0.0103
925,-0.27,0.37,0.0102
926,-0.27,0.43,0.0104
927,-0.33,0.45,0.0103
928,-0.33,0.49,0.0103
929,-0.38,0.53,0.0102
930,-0.38,0.53,0.0103
931,-0.37,0.51,0.0102
932,-0.37,0.52,0.0103
933,-0.37,0.52,0.0102
934,-0.37,0.52,0.0103
935,-0.36,0.50,0.0102
936,-0.36,0.51,0.0103
937,-0.38,0.52,0.0103
938,-0.38,0.52,0.0104
939,-0.36,0.50,0.0103
940,-0.36,0.48,0.0103
941,-0.35,0.48,0.0103
942,-0.35,0.47,0.0103
943,-0.29,0.40,0.0103
944,-0.29,0.34,0.0103
945,-0.22,0.30,0.0102
946,-0.22,0.26,0.0103
947,-0.13,0.18,0.0103
948,-0.13,0.12,0.0103
949,-0.08,0.11,0.0103
950,-0.08,0.12,0.0103
951,-0.09,0.13,0.0103
952,-0.09,0.15,0.0103
953,-0.15,0.20,0.0103
954,-0.15,0.26,0.0103
955,-0.21,0.29,0.0103
956,-0.21,0.34,0.0103
957,-0.29,0.40,0.0102
958,-0.29,0.46,0.0103
959,-0.36,0.51,0.0103
960,-0.36,0.54,0.0104
961,-0.39,0.54,0.0103
962,-0.39,0.53,0.0103
963,-0.39,0.55,0.0102
964,-0.39,0.53,0.0103
965,-0.37,0.51,0.0103
966,-0.37,0.49,0.0103
967,-0.32,0.45,0.0103
968,-0.32,0.38,0.0103
969,-0.24,0.34,0.0103
970,-0.24,0.31,0.0104
971,-0.18,0.25,0.0103
972,-0.18,0.18,0.0103
973,-0.09,0.13,0.0103
974,-0.09,0.08,0.0103
975,-0.01,0.02,0.0103
976,-0.01,0.03,0.0103
977,-0.05,0.06,0.0103
978,-0.05,0.06,0.0103
979,-0.05,0.07,0.0103
980,-0.05,0.14,0.0103
981,-0.14,0.20,0.0103
982,-0.14,0.22,0.0104
983,-0.17,0.24,0.0102
984,-0.17,0.28,0.0103
985,-0.23,0.32,0.0103
986,-0.23,0.34,0.0103
987,-0.24,0.33,0.0103
988,-0.24,0.35,0.0103
989,-0.25,0.34,0.0102
990,-0.25,0.35,0.0103
991,-0.24,0.34,0.0103
992,-0.24,0.34,0.0103
993,-0.23,0.32,0.0103
994,-0.23,0.31,0.0103
995,-0.21,0.29,0.0102
996,-0.21,0.29,0.0103
997,-0.19,0.27,0.0102
998,-0.19,0.26,0.0103
999,-0.19,0.26,0.0102
1000,-0.19,0.25,0.0103
1001,-0.17,0.23,0.0103
1002,-0.17,0.23,0.0104
1003,-0.15,0.21,0.0103
1004,-0.15,0.18,0.0104
1005,-0.11,0.16,0.0103
1006,-0.11,0.13,0.0104
1007,-0.08,0.11,0.0103
1008,-0.08,0.09,0.0104
1009,-0.05,0.08,0.0103
1010,-0.05,0.05,0.0104
1011,-0.01,0.02,0.0103
1012,-0.01,-0.02,0.0104
1013,0.04,-0.06,0.0103
1014,0.04,-0.09,0.0104
1015,0.10,-0.14,0.0103
1016,0.10,-0.19,0.0104
1017,0.17,-0.23,0.0103
1018,0.17,-0.28,0.0104
1019,0.24,-0.34,0.0103
1020,0.24,-0.39,0.0104
1021,0.33,-0.46,0.0103
1022,0.33,-0.51,0.0104
1023,0.41,-0.57,0.0103
1024,0.41,-0.23,0.0104
1025,0.01,-0.02,0.0103
1026,0.01,0.07,0.0104
1027,-0.00,0.00,0.0103
1028,-0.00,-0.06,0.0103
1029,0.06,-0.09,0.0103
1030,0.06,-0.15,0.0104
1031,0.18,-0.25,0.0103
1032,0.18,-0.35,0.0104
1033,0.29,-0.40,0.0103
1034,0.29,-0.49,0.0104
1035,0.42,-0.58,0.0103
1036,0.42,-0.66,0.0104
1037,0.51,-0.70,0.0103
1038,0.51,-0.77,0.0104
1039,0.56,-0.78,0.0103
1040,0.56,-0.70,0.0104
1041,0.45,-0.63,0.0103
1042,0.45,-0.52,0.0104
1043,0.28,-0.39,0.0103
1044,0.28,-0.26,0.0104
1045,0.11,-0.15,0.0103
1046,0.11,-0.01,0.0104
1047,-0.06,0.09,0.0103
1048,-0.06,0.11,0.0104
1049,-0.06,0.09,0.0103
1050,-0.06,0.05,0.0104
1051,0.01,-0.02,0.0103
1052,0.01,-0.11,0.0104
1053,0.13,-0.18,0.0103
1054,0.13,-0.22,0.0104
1055,0.15,-0.21,0.0103
1056,0.15,-0.27,0.0104
1057,0.25,-0.35,0.0103
1058,0.25,-0.38,0.0104
1059,0.30,-0.41,0.0103
1060,0.30,-0.48,0.0104
1061,0.36,-0.49,0.0103
1062,0.36,-0.49,0.0104
1063,0.37,-0.52,0.0103
1064,0.37,-0.53,0.0104
1065,0.34,-0.48,0.0103
1066,0.34,-0.44,0.0104
1067,0.31,-0.43,0.0103
1068,0.31,-0.38,0.0104
1069,0.22,-0.31,0.0103
1070,0.22,-0.28,0.0104
1071,0.16,-0.23,0.0103
1072,0.16,-0.17,0.0104
1073,0.08,-0.11,0.0103
1074,0.08,-0.09,0.0104
1075,0.05,-0.07,0.0103
1076,0.05,-0.05,0.0104
1077,0.04,-0.06,0.0103
1078,0.04,-0.07,0.0104
1079,0.07,-0.09,0.0103
1080,0.07,-0.12,0.0104
1081,0.12,-0.16,0.0103
1082,0.12,-0.18,0.0104
1083,0.14,-0.20,0.0103
1084,0.14,-0.23,0.0104
1085,0.18,-0.25,0.0103
1086,0.18,-0.25,0.0104
1087,0.18,-0.25,0.0103
1088,0.18,-0.25,0.0104
1089,0.18,-0.24,0.0103
1090,0.18,-0.23,0.0104
1091,0.16,-0.22,0.0103
1092,0.16,-0.22,0.0104
1093,0.15,-0.21,0.0103
1094,0.15,-0.21,0.0104
1095,0.14,-0.20,0.0103
1096,0.14,-0.20,0.0104
1097,0.14,-0.19,0.0103
1098,0.14,-0.20,0.0104
1099,0.13,-0.18,0.0103
1100,0.13,-0.18,0.0104
1101,0.12,-0.17,0.0103
1102,0.12,-0.15,0.0104
1103,0.10,-0.13,0.0103
1104,0.10,-0.12,0.0104
1105,0.09,-0.12,0.0103
1106,0.09,-0.10,0.0104
1107,0.07,-0.09,0.0103
1108,0.07,-0.07,0.0104
1109,0.04,-0.05,0.0103
1110,0.04,-0.02,0.0104
1111,-0.00,0.00,0.0103
1112,-0.00,0.03,0.0102
1113,-0.05,0.07,0.0103
1114,-0.05,0.11,0.0104
1115,-0.09,0.13,0.0103
1116,-0.09,0.18,0.0104
1117,-0.16,0.22,0.0103
1118,-0.16,0.26,0.0104
1119,-0.21,0.29,0.0103
1120,-0.21,0.34,0.0104
1121,-0.27,0.38,0.0103
1122,-0.27,0.41,0.0104
1123,-0.32,0.45,0.0103
1124,-0.32,0.17,0.0104
1125,0.01,-0.02,0.0103
1126,0.01,-0.08,0.0104
1127,0.05,-0.07,0.0103
1128,0.05,-0.01,0.0104
1129,-0.04,0.06,0.0103
1130,-0.04,0.09,0.0104
1131,-0.11,0.15,0.0103
1132,-0.11,0.22,0.0104
1133,-0.18,0.25,0.0103
1134,-0.18,0.27,0.0104
1135,-0.22,0.31,0.0103
1136,-0.22,0.33,0.0104
1137,-0.26,0.35,0.0103
1138,-0.26,0.36,0.0104
1139,-0.26,0.36,0.0103
1140,-0.26,0.39,0.0104
1141,-0.31,0.44,0.0103
1142,-0.31,0.42,0.0103
1143,-0.30,0.41,0.0103
1144,-0.30,0.42,0.0103
1145,-0.31,0.43,0.0103
1146,-0.31,0.43,0.0104
1147,-0.31,0.43,0.0103
1148,-0.31,0.42,0.0104
1149,-0.30,0.42,0.0103
1150,-0.30,0.39,0.0104
1151,-0.27,0.37,0.0103
1152,-0.27,0.37,0.0104
1153,-0.23,0.32,0.0103
1154,-0.23,0.31,0.0104
1155,-0.20,0.28,0.0103
1156,-0.20,0.27,0.0104
1157,-0.19,0.26,0.0103
1158,-0.19,0.27,0.0104
1159,-0.18,0.25,0.0103
1160,-0.18,0.24,0.0104
1161,-0.17,0.23,0.0103
1162,-0.17,0.22,0.0104
1163,-0.15,0.21,0.0103
1164,-0.15,0.21,0.0104
1165,-0.17,0.24,0.0103
1166,-0.17,0.24,0.0104
1167,-0.17,0.24,0.0103
1168,-0.17,0.25,0.0104
1169,-0.19,0.26,0.0103
1170,-0.19,0.27,0.0104
1171,-0.20,0.28,0.0103
1172,-0.20,0.30,0.0104
1173,-0.23,0.32,0.0103
1174,-0.23,0.31,0.0104
1175,-0.24,0.33,0.0103
1176,-0.24,0.33,0.0104
1177,-0.25,0.35,0.0103
1178,-0.25,0.33,0.0104
1179,-0.25,0.34,0.0103
1180,-0.25,0.33,0.0104
1181,-0.24,0.34,0.0103
1182,-0.24,0.33,0.0104
1183,-0.24,0.33,0.0103
1184,-0.24,0.34,0.0104
1185,-0.25,0.35,0.0103
1186,-0.25,0.34,0.0104
1187,-0.25,0.35,0.0103
1188,-0.25,0.34,0.0104
1189,-0.23,0.32,0.0103
1190,-0.23,0.30,0.0104
1191,-0.20,0.28,0.0103
1192,-0.20,0.27,0.0104
1193,-0.18,0.26,0.0103
1194,-0.18,0.25,0.0104
1195,-0.19,0.26,0.0103
1196,-0.19,0.27,0.0104
1197,-0.20,0.28,0.0103
1198,-0.20,0.28,0.0104
1199,-0.21,0.29,0.0103
1200,-0.21,0.30,0.0104
1201,-0.21,0.29,0.0103
1202,-0.21,0.27,0.0104
1203,-0.19,0.26,0.0103
1204,-0.19,0.25,0.0104
1205,-0.16,0.22,0.0103
1206,-0.16,0.20,0.0104
1207,-0.14,0.19,0.0103
1208,-0.14,0.17,0.0104
1209,-0.12,0.17,0.0103
1210,-0.12,0.15,0.0104
1211,-0.11,0.15,0.0103
1212,-0.11,0.12,0.0104
1213,-0.07,0.10,0.0103
1214,-0.07,0.07,0.0104
1215,-0.03,0.04,0.0103
1216,-0.03,0.02,0.0104
1217,0.01,-0.01,0.0103
1218,0.01,-0.03,0.0103
1219,0.03,-0.05,0.0103
1220,0.03,-0.08,0.0104
1221,0.07,-0.10,0.0103
1222,0.07,-0.13,0.0104
1223,0.12,-0.17,0.0103
1224,0.12,-0.21,0.0104
1225,0.17,-0.24,0.0103
1226,0.17,-0.28,0.0104
1227,0.23,-0.32,0.0103
1228,0.23,-0.35,0.0104
1229,0.28,-0.39,0.0103
1230,0.28,-0.20,0.0104
1231,0.03,-0.04,0.0103
1232,0.03,0.05,0.0104
1233,-0.08,0.11,0.0103
1234,-0.08,0.04,0.0104
1235,0.02,-0.03,0.0103
1236,0.02,-0.06,0.0104
1237,0.07,-0.09,0.0103
1238,0.07,-0.14,0.0104
1239,0.11,-0.15,0.0103
1240,0.11,-0.14,0.0104
1241,0.13,-0.18,0.0103
1242,0.13,-0.21,0.0104
1243,0.15,-0.21,0.0103
1244,0.15,-0.23,0.0104
1245,0.20,-0.27,0.0103
1246,0.20,-0.28,0.0104
1247,0.22,-0.30,0.0103
1248,0.22,-0.32,0.0104
1249,0.25,-0.34,0.0103
1250,0.25,-0.34,0.0104
1251,0.25,-0.34,0.0103
1252,0.25,-0.36,0.0104
1253,0.27,-0.37,0.0103
1254,0.27,-0.38,0.0104
1255,0.28,-0.38,0.0103
1256,0.28,-0.42,0.0104
1257,0.31,-0.43,0.0103
1258,0.31,-0.45,0.0104
1259,0.33,-0.46,0.0103
1260,0.33,-0.49,0.0104
1261,0.35,-0.49,0.0103
1262,0.35,-0.50,0.0104
1263,0.36,-0.50,0.0103
1264,0.36,-0.50,0.0104
1265,0.36,-0.49,0.0103
1266,0.36,-0.50,0.0104
1267,0.35,-0.49,0.0103
1268,0.35,-0.50,0.0104
1269,0.38,-0.53,0.0103
1270,0.38,-0.54,0.0104
1271,0.40,-0.56,0.0103
1272,0.40,-0.53,0.0104
1273,0.37,-0.51,0.0103
1274,0.37,-0.42,0.0104
1275,0.26,-0.36,0.0103
1276,0.26,-0.27,0.0104
1277,0.14,-0.19,0.0103
1278,0.14,-0.13,0.0104
1279,0.04,-0.05,0.0103
1280,0.04,0.02,0.0104
1281,-0.03,0.05,0.0103
1282,-0.03,0.07,0.0104
1283,-0.04,0.06,0.0103
1284,-0.04,0.06,0.0104
1285,-0.07,0.09,0.0103
1286,-0.07,0.14,0.0104
1287,-0.11,0.15,0.0103
1288,-0.11,0.17,0.0104
1289,-0.14,0.19,0.0103
1290,-0.14,0.24,0.0104
1291,-0.06,0.09,0.0103
1292,-0.06,0.09,0.0104
1293,-0.09,0.13,0.0103
1294,-0.09,0.18,0.0104
1295,-0.05,0.07,0.0103
1296,-0.05,0.00,0.0104
1297,0.01,-0.02,0.0102
1298,0.01,0.01,0.0104
1299,-0.06,0.08,0.0103
1300,-0.06,0.15,0.0104
1301,-0.14,0.19,0.0103
1302,-0.14,0.23,0.0104
1303,-0.21,0.30,0.0103
1304,-0.21,0.34,0.0104
1305,-0.29,0.40,0.0103
1306,-0.29,0.40,0.0104
1307,-0.31,0.43,0.0103
1308,-0.31,0.47,0.0104
1309,-0.35,0.49,0.0103
1310,-0.35,0.48,0.0104
1311,-0.37,0.52,0.0103
1312,-0.37,0.55,0.0104
1313,-0.39,0.54,0.0103
1314,-0.39,0.53,0.0104
1315,-0.38,0.53,0.0103
1316,-0.38,0.51,0.0104
1317,-0.34,0.48,0.0103
1318,-0.34,0.46,0.0104
1319,-0.31,0.43,0.0103
1320,-0.31,0.39,0.0104
1321,-0.26,0.36,0.0103
1322,-0.26,0.35,0.0104
1323,-0.24,0.33,0.0103
1324,-0.24,0.31,0.0104
1325,-0.19,0.27,0.0103
1326,-0.19,0.25,0.0104
1327,-0.17,0.24,0.0103
1328,-0.17,0.25,0.0104
1329,-0.19,0.27,0.0103
1330,-0.19,0.28,0.0104
1331,-0.22,0.30,0.0103
1332,-0.22,0.34,0.0104
1333,-0.27,0.37,0.0103
1334,-0.27,0.41,0.0104
1335,-0.33,0.46,0.0103
1336,-0.33,0.51,0.0104
1337,-0.39,0.55,0.0103
1338,-0.39,0.56,0.0104
1339,-0.43,0.59,0.0103
1340,-0.43,0.60,0.0104
1341,-0.43,0.60,0.0103
1342,-0.43,0.55,0.0104
1343,-0.40,0.55,0.0103
1344,-0.40,0.52,0.0104
1345,-0.35,0.49,0.0103
1346,-0.35,0.49,0.0104
1347,-0.33,0.45,0.0103
1348,-0.33,0.37,0.0104
1349,-0.23,0.32,0.0103
1350,-0.23,0.27,0.0104
1351,-0.15,0.21,0.0103
1352,-0.15,0.18,0.0104
1353,-0.12,0.17,0.0103
1354,-0.12,0.11,0.0104
1355,-0.05,0.06,0.0103
1356,-0.05,0.08,0.0104
1357,-0.06,0.08,0.0103
1358,-0.06,0.07,0.0103
1359,-0.04,0.06,0.0103
1360,-0.04,0.07,0.0104
1361,-0.04,0.06,0.0103
1362,-0.04,0.04,0.0104
1363,-0.01,0.01,0.0103
1364,-0.01,-0.01,0.0104
1365,0.02,-0.03,0.0103
1366,0.02,-0.07,0.0104
1367,0.06,-0.08,0.0103
1368,0.06,-0.11,0.0104
1369,0.13,-0.17,0.0103
1370,0.13,-0.23,0.0104
1371,0.20,-0.28,0.0103
1372,0.20,-0.33,0.0104
1373,0.29,-0.40,0.0103
1374,0.29,-0.46,0.0104
1375,0.35,-0.49,0.0103
1376,0.35,-0.45,0.0104
1377,0.28,-0.39,0.0103
1378,0.28,-0.24,0.0104
1379,0.14,-0.20,0.0103
1380,0.14,-0.10,0.0104
1381,-0.00,0.00,0.0103
1382,-0.00,0.03,0.0102
1383,0.02,-0.03,0.0103
1384,0.02,-0.04,0.0104
1385,0.07,-0.09,0.0103
1386,0.07,-0.17,0.0104
1387,0.16,-0.22,0.0103
1388,0.16,-0.27,0.0104
1389,0.25,-0.34,0.0103
1390,0.25,-0.42,0.0104
1391,0.35,-0.48,0.0103
1392,0.35,-0.56,0.0104
1393,0.46,-0.63,0.0103
1394,0.46,-0.73,0.0104
1395,0.57,-0.80,0.0103
1396,0.57,-0.87,0.0104
1397,0.66,-0.91,0.0103
1398,0.66,-0.93,0.0104
1399,0.62,-0.86,0.0103
1400,0.62,-0.77,0.0104
1401,0.46,-0.64,0.0103
1402,0.46,-0.48,0.0104
1403,0.27,-0.37,0.0103
1404,0.27,-0.17,0.0104
1405,-0.01,0.02,0.0103
1406,-0.01,0.14,0.0104
1407,-0.12,0.17,0.0103
1408,-0.12,0.18,0.0104
1409,-0.15,0.20,0.0103
1410,-0.15,0.15,0.0104
1411,-0.05,0.07,0.0103
1412,-0.05,0.04,0.0104
1413,-0.04,0.05,0.0103
1414,-0.04,0.03,0.0104
1415,0.01,-0.02,0.0103
1416,0.01,-0.04,0.0104
1417,0.02,-0.03,0.0103
1418,0.02,-0.01,0.0104
1419,0.02,-0.02,0.0103
1420,0.02,-0.05,0.0104
1421,0.02,-0.03,0.0103
1422,0.02,-0.02,0.0104
1423,0.01,-0.01,0.0103
1424,0.01,-0.00,0.0104
1425,-0.03,0.04,0.0102
1426,-0.03,0.07,0.0104
1427,-0.06,0.09,0.0103
1428,-0.06,0.13,0.0104
1429,-0.13,0.18,0.0103
1430,-0.13,0.23,0.0104
1431,-0.20,0.27,0.0103
1432,-0.20,0.32,0.0104
1433,-0.30,0.41,0.0103
1434,-0.30,0.45,0.0104
1435,-0.20,0.28,0.0103
1436,-0.20,0.22,0.0104
1437,-0.16,0.22,0.0103
1438,-0.16,0.20,0.0104
1439,-0.03,0.05,0.0103
1440,-0.03,0.04,0.0104
1441,-0.06,0.08,0.0103
1442,-0.06,0.14,0.0104
1443,-0.08,0.11,0.0103
1444,-0.08,0.20,0.0104
1445,-0.24,0.33,0.0103
1446,-0.24,0.38,0.0104
1447,-0.33,0.45,0.0103
1448,-0.33,0.60,0.0104
1449,-0.50,0.69,0.0103
1450,-0.50,0.77,0.0104
1451,-0.62,0.86,0.0103
1452,-0.62,0.93,0.0104
1453,-0.66,0.92,0.0103
1454,-0.66,0.94,0.0104
1455,-0.67,0.93,0.0103
1456,-0.67,0.86,0.0104
1457,-0.51,0.71,0.0103
1458,-0.51,0.61,0.0104
1459,-0.36,0.50,0.0103
1460,-0.36,0.33,0.0104
1461,-0.12,0.16,0.0103
1462,-0.12,0.01,0.0104
1463,0.06,-0.08,0.0102
1464,0.06,-0.12,0.0104
1465,0.03,-0.05,0.0103
1466,0.03,0.04,0.0104
1467,-0.12,0.17,0.0103
1468,-0.12,0.31,0.0104
1469,-0.34,0.47,0.0103
1470,-0.34,0.56,0.0104
1471,-0.50,0.69,0.0103
1472,-0.50,0.80,0.0104
1473,-0.64,0.89,0.0103
1474,-0.64,0.93,0.0104
1475,-0.71,0.98,0.0103
1476,-0.71,0.95,0.0104
1477,-0.62,0.86,0.0103
1478,-0.62,0.75,0.0104
1479,-0.44,0.61,0.0103
1480,-0.44,0.44,0.0104
1481,-0.23,0.32,0.0103
1482,-0.23,0.19,0.0104
1483,-0.02,0.03,0.0103
1484,-0.02,-0.10,0.0104
1485,0.14,-0.19,0.0103
1486,0.14,-0.26,0.0104
1487,0.13,-0.18,0.0103
1488,0.13,-0.09,0.0104
1489,-0.01,0.01,0.0103
1490,-0.01,0.07,0.0104
1491,-0.11,0.15,0.0103
1492,-0.11,0.21,0.0104
1493,-0.21,0.29,0.0103
1494,-0.21,0.38,0.0104
1495,-0.29,0.40,0.0103
1496,-0.29,0.35,0.0104
1497,-0.30,0.42,0.0103
1498,-0.30,0.50,0.0104
1499,-0.35,0.48,0.0103
1500,-0.35,0.47,0.0104
1501,-0.36,0.50,0.0103
1502,-0.36,0.48,0.0104
1503,-0.32,0.44,0.0103
1504,-0.32,0.42,0.0104
1505,-0.30,0.42,0.0103
1506,-0.30,0.35,0.0104
1507,-0.22,0.30,0.0103
1508,-0.22,0.31,0.0104
1509,-0.21,0.29,0.0103
1510,-0.21,0.22,0.0104
1511,-0.14,0.20,0.0103
1512,-0.14,0.21,0.0104
1513,-0.13,0.19,0.0103
1514,-0.13,0.16,0.0104
1515,-0.13,0.18,0.0103
1516,-0.13,0.20,0.0104
1517,-0.16,0.22,0.0103
1518,-0.16,0.30,0.0104
1519,-0.27,0.38,0.0103
1520,-0.27,0.44,0.0104
1521,-0.35,0.49,0.0103
1522,-0.35,0.54,0.0104
1523,-0.41,0.57,0.0103
1524,-0.41,0.62,0.0104
1525,-0.46,0.64,0.0103
1526,-0.46,0.66,0.0104
1527,-0.44,0.61,0.0103
1528,-0.44,0.55,0.0104
1529,-0.34,0.48,0.0103
1530,-0.34,0.40,0.0104
1531,-0.24,0.33,0.0103
1532,-0.24,0.28,0.0104
1533,-0.15,0.21,0.0103
1534,-0.15,0.12,0.0104
1535,-0.06,0.09,0.0103
1536,-0.06,0.07,0.0104
1537,-0.03,0.04,0.0103
1538,-0.03,0.01,0.0104
1539,-0.01,0.01,0.0102
1540,-0.01,0.04,0.0104
1541,-0.07,0.09,0.0103
1542,-0.07,0.13,0.0104
1543,-0.12,0.17,0.0103
1544,-0.12,0.20,0.0104
1545,-0.17,0.24,0.0103
1546,-0.17,0.27,0.0104
1547,-0.22,0.30,0.0103
1548,-0.22,0.33,0.0104
1549,-0.25,0.35,0.0103
1550,-0.25,0.37,0.0104
1551,-0.27,0.37,0.0103
1552,-0.27,0.38,0.0104
1553,-0.28,0.39,0.0103
1554,-0.28,0.38,0.0104
1555,-0.28,0.38,0.0103
1556,-0.28,0.40,0.0104
1557,-0.29,0.41,0.0103
1558,-0.29,0.43,0.0104
1559,-0.31,0.43,0.0103
1560,-0.31,0.45,0.0103
1561,-0.32,0.44,0.0103
1562,-0.32,0.46,0.0104
1563,-0.32,0.45,0.0103
1564,-0.32,0.43,0.0104
1565,-0.29,0.41,0.0103
1566,-0.29,0.37,0.0104
1567,-0.24,0.33,0.0103
1568,-0.24,0.30,0.0104
1569,-0.20,0.28,0.0103
1570,-0.20,0.24,0.0104
1571,-0.14,0.20,0.0103
1572,-0.14,0.18,0.0104
1573,-0.12,0.17,0.0103
1574,-0.12,0.13,0.0104
1575,-0.08,0.11,0.0103
1576,-0.08,0.08,0.0104
1577,-0.04,0.05,0.0103
1578,-0.04,0.02,0.0104
1579,0.00,-0.01,0.0103
1580,0.00,-0.03,0.0103
1581,0.04,-0.06,0.0103
1582,0.04,-0.09,0.0104
1583,0.10,-0.15,0.0103
1584,0.10,-0.20,0.0104
1585,0.19,-0.26,0.0103
1586,0.19,-0.32,0.0104
1587,0.27,-0.37,0.0103
1588,0.27,-0.44,0.0104
1589,0.35,-0.49,0.0103
1590,0.35,-0.59,0.0104
1591,0.35,-0.49,0.0103
1592,0.35,-0.26,0.0104
1593,0.10,-0.14,0.0103
1594,0.10,-0.08,0.0104
1595,0.07,-0.10,0.0103
1596,0.07,0.14,0.0104
1597,-0.17,0.24,0.0103
1598,-0.17,0.24,0.0104
1599,-0.15,0.20,0.0103
1600,-0.15,0.17,0.0104
1601,-0.05,0.08,0.0103
1602,-0.05,-0.03,0.0104
1603,0.05,-0.07,0.0103
1604,0.05,-0.09,0.0104
1605,0.12,-0.17,0.0103
1606,0.12,-0.24,0.0104
1607,0.21,-0.29,0.0103
1608,0.21,-0.33,0.0104
1609,0.28,-0.39,0.0103
1610,0.28,-0.44,0.0104
1611,0.33,-0.46,0.0103
1612,0.33,-0.36,0.0104
1613,0.23,-0.32,0.0103
1614,0.23,-0.16,0.0104
1615,0.10,-0.13,0.0103
1616,0.10,-0.01,0.0104
1617,-0.02,0.02,0.0103
1618,-0.02,0.05,0.0104
1619,-0.03,0.04,0.0103
1620,-0.03,0.05,0.0104
1621,-0.03,0.04,0.0103
1622,-0.03,0.01,0.0104
1623,-0.00,0.01,0.0103
1624,-0.00,0.04,0.0102
1625,-0.02,0.02,0.0103
1626,-0.02,0.00,0.0104
1627,-0.02,0.02,0.0102
1628,-0.02,0.04,0.0104
1629,-0.03,0.04,0.0103
1630,-0.03,0.06,0.0104
1631,-0.06,0.08,0.0103
1632,-0.06,0.10,0.0104
1633,-0.03,0.05,0.0103
1634,-0.03,0.06,0.0104
1635,-0.10,0.14,0.0103
1636,-0.10,0.17,0.0104
1637,-0.14,0.20,0.0103
1638,-0.14,0.20,0.0104
1639,-0.14,0.19,0.0103
1640,-0.14,0.20,0.0104
1641,-0.16,0.22,0.0103
1642,-0.16,0.24,0.0104
1643,-0.19,0.26,0.0103
1644,-0.19,0.28,0.0104
1645,-0.25,0.35,0.0103
1646,-0.25,0.39,0.0104
1647,-0.33,0.45,0.0103
1648,-0.33,0.51,0.0104
1649,-0.42,0.59,0.0103
1650,-0.42,0.61,0.0104
1651,-0.47,0.65,0.0103
1652,-0.47,0.68,0.0104
1653,-0.48,0.67,0.0103
1654,-0.48,0.65,0.0104
1655,-0.42,0.59,0.0103
1656,-0.42,0.56,0.0104
1657,-0.35,0.49,0.0103
1658,-0.35,0.40,0.0104
1659,-0.24,0.33,0.0103
1660,-0.24,0.27,0.0104
1661,-0.13,0.17,0.0103
1662,-0.13,0.12,0.0104
1663,-0.07,0.09,0.0103
1664,-0.07,0.06,0.0104
1665,-0.02,0.03,0.0103
1666,-0.02,0.06,0.0104
1667,-0.07,0.09,0.0103
1668,-0.07,0.16,0.0104
1669,-0.16,0.22,0.0103
1670,-0.16,0.28,0.0104
1671,-0.26,0.37,0.0103
1672,-0.26,0.46,0.0104
1673,-0.38,0.52,0.0103
1674,-0.38,0.54,0.0104
1675,-0.42,0.59,0.0103
1676,-0.42,0.61,0.0104
1677,-0.45,0.62,0.0103
1678,-0.45,0.62,0.0104
1679,-0.46,0.64,0.0103
1680,-0.46,0.59,0.0104
1681,-0.40,0.56,0.0103
1682,-0.40,0.51,0.0104
1683,-0.31,0.43,0.0103
1684,-0.31,0.34,0.0104
1685,-0.20,0.28,0.0103
1686,-0.20,0.17,0.0104
1687,-0.04,0.06,0.0103
1688,-0.04,-0.01,0.0104
1689,-0.00,0.00,0.0103
1690,-0.00,0.00,0.0103
1691,0.01,-0.01,0.0102
1692,0.01,0.01,0.0104
1693,-0.05,0.07,0.0103
1694,-0.05,0.08,0.0104
1695,-0.04,0.06,0.0103
1696,-0.04,0.07,0.0104
1697,-0.07,0.10,0.0103
1698,-0.07,0.10,0.0104
1699,-0.04,0.06,0.0103
1700,-0.04,0.06,0.0104
1701,-0.04,0.05,0.0103
1702,-0.04,0.02,0.0104
1703,0.02,-0.03,0.0103
1704,0.02,-0.04,0.0104
1705,0.05,-0.06,0.0103
1706,0.05,-0.10,0.0104
1707,0.10,-0.14,0.0103
1708,0.10,-0.19,0.0104
1709,0.18,-0.25,0.0103
1710,0.18,-0.32,0.0104
1711,0.28,-0.39,0.0103
1712,0.28,-0.44,0.0104
1713,0.36,-0.50,0.0103
1714,0.36,-0.35,0.0104
1715,0.21,-0.29,0.0102
1716,0.21,-0.07,0.0104
1717,0.03,-0.04,0.0103
1718,0.03,-0.10,0.0104
1719,0.06,-0.08,0.0103
1720,0.06,-0.10,0.0104
1721,0.11,-0.15,0.0103
1722,0.11,-0.15,0.0104
1723,0.11,-0.16,0.0103
1724,0.11,-0.17,0.0104
1725,0.13,-0.17,0.0103
1726,0.13,-0.19,0.0104
1727,0.16,-0.22,0.0103
1728,0.16,-0.26,0.0104
1729,0.19,-0.27,0.0103
1730,0.19,-0.32,0.0104
1731,0.28,-0.38,0.0103
1732,0.28,-0.44,0.0104
1733,0.35,-0.48,0.0103
1734,0.35,-0.54,0.0104
1735,0.42,-0.58,0.0103
1736,0.42,-0.60,0.0104
1737,0.41,-0.56,0.0103
1738,0.41,-0.55,0.0104
1739,0.36,-0.50,0.0103
1740,0.36,-0.47,0.0104
1741,0.28,-0.39,0.0103
1742,0.28,-0.35,0.0104
1743,0.24,-0.33,0.0103
1744,0.24,-0.29,0.0104
1745,0.19,-0.27,0.0103
1746,0.19,-0.22,0.0104
1747,0.13,-0.19,0.0103
1748,0.13,-0.14,0.0104
1749,0.09,-0.12,0.0103
1750,0.09,-0.12,0.0104
1751,0.09,-0.13,0.0103
1752,0.09,-0.10,0.0104
1753,0.07,-0.10,0.0103
1754,0.07,-0.12,0.0104
1755,0.11,-0.15,0.0103
1756,0.11,-0.16,0.0104
1757,0.14,-0.19,0.0103
1758,0.14,-0.23,0.0104
1759,0.17,-0.24,0.0103
1760,0.17,-0.27,0.0104
1761,0.22,-0.30,0.0103
1762,0.22,-0.32,0.0104
1763,0.24,-0.33,0.0103
1764,0.24,-0.37,0.0104
1765,0.28,-0.38,0.0103
1766,0.28,-0.42,0.0104
1767,0.30,-0.42,0.0103
1768,0.30,-0.45,0.0104
1769,0.33,-0.46,0.0103
1770,0.33,-0.49,0.0104
1771,0.36,-0.50,0.0103
1772,0.36,-0.49,0.0104
1773,0.35,-0.48,0.0103
1774,0.35,-0.46,0.0104
1775,0.32,-0.45,0.0103
1776,0.32,-0.44,0.0104
1777,0.33,-0.46,0.0103
1778,0.33,-0.46,0.0104
1779,0.34,-0.48,0.0103
1780,0.34,-0.48,0.0104
1781,0.36,-0.50,0.0103
1782,0.36,-0.49,0.0104
1783,0.35,-0.49,0.0103
1784,0.35,-0.47,0.0104
1785,0.32,-0.44,0.0103
1786,0.32,-0.42,0.0104
1787,0.29,-0.40,0.0103
1788,0.29,-0.38,0.0104
1789,0.26,-0.36,0.0103
1790,0.26,-0.36,0.0104
1791,0.25,-0.35,0.0103
1792,0.25,-0.35,0.0104
1793,0.25,-0.35,0.0103
1794,0.25,-0.34,0.0104
1795,0.22,-0.30,0.0103
1796,0.22,-0.28,0.0104
1797,0.17,-0.24,0.0103
1798,0.17,-0.22,0.0104
1799,0.13,-0.18,0.0103
1800,0.13,-0.16,0.0104
1801,0.09,-0.13,0.0103
1802,0.09,-0.11,0.0104
1803,0.06,-0.09,0.0103
1804,0.06,-0.07,0.0104
1805,0.02,-0.03,0.0103
1806,0.02,-0.01,0.0104
1807,-0.03,0.04,0.0102
1808,-0.03,0.08,0.0104
1809,-0.08,0.12,0.0103
1810,-0.08,0.16,0.0104
1811,-0.15,0.21,0.0103
1812,-0.15,0.26,0.0104
1813,-0.23,0.32,0.0103
1814,-0.23,0.38,0.0103
1815,-0.33,0.45,0.0103
1816,-0.33,0.50,0.0104
1817,-0.44,0.62,0.0103
1818,-0.44,0.51,0.0104
1819,-0.19,0.26,0.0103
1820,-0.19,0.11,0.0104
1821,-0.01,0.02,0.0103
1822,-0.01,0.03,0.0104
1823,0.10,-0.14,0.0103
1824,0.10,-0.21,0.0104
1825,0.14,-0.20,0.0103
1826,0.14,-0.16,0.0104
1827,0.07,-0.09,0.0103
1828,0.07,-0.03,0.0104
1829,-0.03,0.04,0.0103
1830,-0.03,0.09,0.0104
1831,-0.08,0.12,0.0103
1832,-0.08,0.19,0.0104
1833,-0.19,0.26,0.0103
1834,-0.19,0.30,0.0104
1835,-0.24,0.33,0.0103
1836,-0.24,0.37,0.0104
1837,-0.21,0.30,0.0103
1838,-0.21,0.31,0.0104
1839,-0.27,0.38,0.0103
1840,-0.27,0.29,0.0104
1841,-0.12,0.16,0.0103
1842,-0.12,0.07,0.0104
1843,-0.01,0.02,0.0103
1844,-0.01,0.11,0.0104
1845,-0.07,0.09,0.0103
1846,-0.07,0.03,0.0104
1847,-0.01,0.01,0.0103
1848,-0.01,0.05,0.0102
1849,-0.02,0.03,0.0103
1850,-0.02,0.01,0.0104
1851,-0.03,0.04,0.0103
1852,-0.03,0.05,0.0104
1853,-0.01,0.02,0.0103
1854,-0.01,-0.01,0.0103
1855,-0.01,0.01,0.0103
1856,-0.01,-0.00,0.0103
1857,0.03,-0.04,0.0102
1858,0.03,-0.06,0.0104
1859,0.06,-0.08,0.0103
1860,0.06,-0.10,0.0104
1861,0.11,-0.15,0.0103
1862,0.11,-0.18,0.0104
1863,0.16,-0.22,0.0103
1864,0.16,-0.26,0.0104
1865,0.23,-0.33,0.0103
1866,0.23,-0.41,0.0104
1867,0.33,-0.46,0.0103
1868,0.33,-0.36,0.0104
1869,0.24,-0.33,0.0103
1870,0.24,-0.41,0.0104
1871,0.30,-0.42,0.0103
1872,0.30,-0.38,0.0104
1873,0.28,-0.39,0.0103
1874,0.28,-0.43,0.0104
1875,0.16,-0.22,0.0103
1876,0.16,-0.09,0.0104
1877,0.05,-0.07,0.0103
1878,0.05,-0.11,0.0104
1879,0.19,-0.26,0.0103
1880,0.19,-0.30,0.0104
1881,0.23,-0.32,0.0103
1882,0.23,-0.33,0.0104
1883,0.28,-0.39,0.0103
1884,0.28,-0.38,0.0104
1885,0.29,-0.41,0.0103
1886,0.29,-0.42,0.0104
1887,0.31,-0.43,0.0103
1888,0.31,-0.43,0.0104
1889,0.32,-0.45,0.0103
1890,0.32,-0.45,0.0104
1891,0.35,-0.48,0.0103
1892,0.35,-0.49,0.0104
1893,0.36,-0.49,0.0103
1894,0.36,-0.50,0.0104
1895,0.36,-0.50,0.0103
1896,0.36,-0.49,0.0104
1897,0.33,-0.46,0.0103
1898,0.33,-0.45,0.0104
1899,0.29,-0.41,0.0103
1900,0.29,-0.36,0.0104
1901,0.23,-0.31,0.0103
1902,0.23,-0.27,0.0104
1903,0.16,-0.22,0.0103
1904,0.16,-0.23,0.0104
1905,0.15,-0.21,0.0103
1906,0.15,-0.22,0.0104
1907,0.15,-0.20,0.0103
1908,0.15,-0.20,0.0104
1909,0.16,-0.22,0.0103
1910,0.16,-0.23,0.0104
1911,0.16,-0.22,0.0103
1912,0.16,-0.24,0.0104
1913,0.22,-0.31,0.0103
1914,0.22,-0.35,0.0104
1915,0.29,-0.41,0.0103
1916,0.29,-0.45,0.0104
1917,0.36,-0.51,0.0103
1918,0.36,-0.54,0.0104
1919,0.40,-0.56,0.0103
1920,0.40,-0.55,0.0104
1921,0.36,-0.50,0.0103
1922,0.36,-0.45,0.0104
1923,0.28,-0.39,0.0103
1924,0.28,-0.34,0.0104
1925,0.20,-0.28,0.0103
1926,0.20,-0.25,0.0104
1927,0.17,-0.23,0.0103
1928,0.17,-0.21,0.0104
1929,0.12,-0.16,0.0103
1930,0.12,-0.15,0.0104
1931,0.09,-0.12,0.0103
1932,0.09,-0.10,0.0104
1933,0.04,-0.06,0.0103
1934,0.04,-0.03,0.0104
1935,-0.01,0.01,0.0103
1936,-0.01,0.02,0.0104
1937,-0.02,0.03,0.0103
1938,-0.02,0.06,0.0104
1939,-0.08,0.11,0.0103
1940,-0.08,0.15,0.0104
1941,-0.14,0.19,0.0103
1942,-0.14,0.24,0.0104
1943,-0.22,0.30,0.0103
1944,-0.22,0.36,0.0104
1945,-0.32,0.44,0.0103
1946,-0.32,0.51,0.0104
1947,-0.42,0.58,0.0103
1948,-0.42,0.44,0.0104
1949,-0.22,0.31,0.0103
1950,-0.22,0.18,0.0104
1951,-0.03,0.04,0.0103
1952,-0.03,-0.02,0.0104
1953,0.09,-0.12,0.0103
1954,0.09,-0.08,0.0104
1955,-0.00,0.00,0.0103
1956,-0.00,0.08,0.0102
1957,-0.15,0.20,0.0103
1958,-0.15,0.34,0.0104
1959,-0.30,0.42,0.0103
1960,-0.30,0.50,0.0103
1961,-0.39,0.55,0.0103
1962,-0.39,0.51,0.0104
1963,-0.32,0.44,0.0103
1964,-0.32,0.41,0.0104
1965,-0.30,0.41,0.0103
1966,-0.30,0.39,0.0104
1967,-0.24,0.34,0.0103
1968,-0.24,0.32,0.0104
1969,-0.24,0.33,0.0103
1970,-0.24,0.29,0.0104
1971,-0.17,0.24,0.0103
1972,-0.17,0.22,0.0104
1973,-0.18,0.26,0.0103
1974,-0.18,0.23,0.0104
1975,-0.18,0.25,0.0103
1976,-0.18,0.30,0.0104
1977,-0.24,0.34,0.0103
1978,-0.24,0.35,0.0104
1979,-0.28,0.39,0.0103
1980,-0.28,0.44,0.0104
1981,-0.35,0.48,0.0103
1982,-0.35,0.50,0.0104
1983,-0.36,0.50,0.0103
1984,-0.36,0.52,0.0104
1985,-0.36,0.51,0.0103
1986,-0.36,0.51,0.0104
1987,-0.37,0.51,0.0103
1988,-0.37,0.50,0.0104
1989,-0.34,0.47,0.0103
1990,-0.34,0.46,0.0104
1991,-0.31,0.43,0.0103
1992,-0.31,0.38,0.0104
1993,-0.24,0.33,0.0103
1994,-0.24,0.28,0.0104
1995,-0.17,0.23,0.0103
1996,-0.17,0.18,0.0104
1997,-0.09,0.13,0.0103
1998,-0.09,0.11,0.0104
1999,-0.06,0.09,0.0103
2000,-0.06,0.05,0.0104
2001,-0.03,0.05,0.0103
2002,-0.03,0.07,0.0104
2003,-0.03,0.05,0.0103
2004,-0.03,0.05,0.0104
2005,-0.06,0.09,0.0103
2006,-0.06,0.09,0.0104
2007,-0.07,0.10,0.0103
2008,-0.07,0.09,0.0104
2009,-0.07,0.10,0.0103
2010,-0.07,0.09,0.0104
2011,-0.04,0.06,0.0103
2012,-0.04,0.04,0.0104
2013,-0.03,0.04,0.0103
2014,-0.03,0.02,0.0104
2015,0.00,-0.01,0.0103
2016,0.00,-0.03,0.0103
2017,0.04,-0.06,0.0103
2018,0.04,-0.10,0.0104
2019,0.10,-0.13,0.0103
2020,0.10,-0.17,0.0104
2021,0.14,-0.20,0.0103
2022,0.14,-0.25,0.0104
2023,0.20,-0.28,0.0103
2024,0.20,-0.32,0.0104
2025,0.27,-0.37,0.0103
2026,0.27,-0.32,0.0104
2027,0.20,-0.28,0.0103
2028,0.20,-0.29,0.0104
2029,0.25,-0.34,0.0103
2030,0.25,-0.17,0.0104
2031,-0.00,0.00,0.0103
2032,-0.00,0.06,0.0103
2033,-0.01,0.01,0.0103
2034,-0.01,-0.03,0.0104
2035,0.06,-0.09,0.0103
2036,0.06,-0.20,0.0104
2037,0.24,-0.33,0.0103
2038,0.24,-0.38,0.0104
2039,0.33,-0.46,0.0103
2040,0.33,-0.59,0.0104
2041,0.52,-0.72,0.0103
2042,0.52,-0.76,0.0104
2043,0.55,-0.77,0.0103
2044,0.55,-0.79,0.0104
2045,0.56,-0.77,0.0103
2046,0.56,-0.69,0.0104
2047,0.38,-0.53,0.0103
2048,0.38,-0.44,0.0104
2049,0.24,-0.34,0.0103
2050,0.24,-0.20,0.0104
2051,0.05,-0.07,0.0103
2052,0.05,-0.01,0.0104
2053,-0.06,0.09,0.0103
2054,-0.06,0.14,0.0104
2055,-0.07,0.10,0.0103
2056,-0.07,0.06,0.0104
2057,0.03,-0.04,0.0103
2058,0.03,-0.17,0.0104
2059,0.22,-0.30,0.0103
2060,0.22,-0.36,0.0104
2061,0.31,-0.44,0.0103
2062,0.31,-0.56,0.0104
2063,0.38,-0.53,0.0103
2064,0.38,-0.55,0.0104
2065,0.50,-0.69,0.0103
2066,0.50,-0.69,0.0104
2067,0.46,-0.64,0.0103
2068,0.46,-0.62,0.0104
2069,0.42,-0.59,0.0103
2070,0.42,-0.50,0.0104
2071,0.27,-0.37,0.0103
2072,0.27,-0.29,0.0104
2073,0.14,-0.19,0.0103
2074,0.14,-0.15,0.0104
2075,0.09,-0.12,0.0103
2076,0.09,-0.09,0.0104
2077,0.03,-0.04,0.0103
2078,0.03,-0.06,0.0104
2079,0.07,-0.10,0.0103
2080,0.07,-0.10,0.0104
2081,0.06,-0.08,0.0103
2082,0.06,-0.13,0.0104
2083,0.12,-0.17,0.0103
2084,0.12,-0.19,0.0104
2085,0.17,-0.24,0.0103
2086,0.17,-0.30,0.0104
2087,0.23,-0.32,0.0103
2088,0.23,-0.35,0.0104
2089,0.28,-0.38,0.0103
2090,0.28,-0.42,0.0104
2091,0.31,-0.43,0.0103
2092,0.31,-0.42,0.0104
2093,0.31,-0.43,0.0103
2094,0.31,-0.42,0.0104
2095,0.30,-0.42,0.0103
2096,0.30,-0.39,0.0104
2097,0.28,-0.39,0.0103
2098,0.28,-0.37,0.0104
2099,0.28,-0.38,0.0103
2100,0.28,-0.38,0.0104
2101,0.28,-0.38,0.0103
2102,0.28,-0.37,0.0104
2103,0.27,-0.37,0.0103
2104,0.27,-0.35,0.0104
2105,0.24,-0.33,0.0103
2106,0.24,-0.31,0.0104
2107,0.20,-0.27,0.0103
2108,0.20,-0.27,0.0104
2109,0.17,-0.24,0.0103
2110,0.17,-0.22,0.0104
2111,0.13,-0.18,0.0103
2112,0.13,-0.16,0.0104
2113,0.08,-0.11,0.0103
2114,0.08,-0.07,0.0104
2115,0.01,-0.02,0.0103
2116,0.01,0.03,0.0104
2117,-0.06,0.09,0.0103
2118,-0.06,0.13,0.0104
2119,-0.14,0.19,0.0103
2120,-0.14,0.26,0.0104
2121,-0.23,0.32,0.0103
2122,-0.23,0.40,0.0104
2123,-0.35,0.48,0.0103
2124,-0.35,0.55,0.0104
2125,-0.45,0.63,0.0103
2126,-0.45,0.55,0.0104
2127,-0.22,0.31,0.0103
2128,-0.22,0.16,0.0104
2129,-0.13,0.17,0.0103
2130,-0.13,0.12,0.0104
2131,-0.02,0.03,0.0103
2132,-0.02,-0.02,0.0104
2133,0.04,-0.06,0.0103
2134,0.04,-0.01,0.0104
2135,-0.07,0.10,0.0102
2136,-0.07,0.20,0.0104
2137,-0.23,0.31,0.0103
2138,-0.23,0.45,0.0104
2139,-0.39,0.55,0.0103
2140,-0.39,0.63,0.0104
2141,-0.51,0.71,0.0103
2142,-0.51,0.78,0.0104
2143,-0.59,0.82,0.0103
2144,-0.59,0.83,0.0104
2145,-0.57,0.79,0.0103
2146,-0.57,0.74,0.0104
2147,-0.48,0.67,0.0103
2148,-0.48,0.54,0.0104
2149,-0.29,0.41,0.0103
2150,-0.29,0.31,0.0104
2151,-0.13,0.19,0.0103
2152,-0.13,0.03,0.0104
2153,0.03,-0.05,0.0103
2154,0.03,-0.11,0.0104
2155,0.08,-0.11,0.0103
2156,0.08,-0.05,0.0104
2157,-0.03,0.04,0.0103
2158,-0.03,0.13,0.0104
2159,-0.16,0.22,0.0103
2160,-0.16,0.26,0.0104
2161,-0.20,0.28,0.0103
2162,-0.20,0.39,0.0104
2163,-0.33,0.46,0.0103
2164,-0.33,0.44,0.0104
2165,-0.33,0.45,0.0103
2166,-0.33,0.50,0.0104
2167,-0.33,0.46,0.0103
2168,-0.33,0.42,0.0104
2169,-0.30,0.42,0.0103
2170,-0.30,0.42,0.0104
2171,-0.28,0.39,0.0103
2172,-0.28,0.36,0.0104
2173,-0.25,0.34,0.0103
2174,-0.25,0.34,0.0104
2175,-0.20,0.28,0.0103
2176,-0.20,0.26,0.0104
2177,-0.17,0.23,0.0103
2178,-0.17,0.20,0.0104
2179,-0.09,0.13,0.0103
2180,-0.09,0.11,0.0104
2181,-0.05,0.07,0.0103
2182,-0.05,0.05,0.0104
2183,-0.02,0.03,0.0103
2184,-0.02,0.05,0.0104
2185,-0.02,0.03,0.0103
2186,-0.02,0.02,0.0104
2187,-0.01,0.02,0.0103
2188,-0.01,0.01,0.0104
2189,0.01,-0.02,0.0103
2190,0.01,-0.05,0.0104
2191,0.06,-0.08,0.0103
2192,0.06,-0.11,0.0104
2193,0.12,-0.17,0.0103
2194,0.12,-0.21,0.0104
2195,0.19,-0.27,0.0103
2196,0.19,-0.32,0.0104
2197,0.29,-0.40,0.0103
2198,0.29,-0.48,0.0104
2199,0.44,-0.61,0.0103
2200,0.44,-0.61,0.0104
2201,0.30,-0.42,0.0103
2202,0.30,-0.25,0.0104
2203,0.07,-0.10,0.0103
2204,0.07,-0.02,0.0104
2205,-0.07,0.10,0.0103
2206,-0.07,0.26,0.0104
2207,-0.16,0.22,0.0103
2208,-0.16,0.13,0.0104
2209,-0.00,0.00,0.0103
2210,-0.00,-0.08,0.0102
2211,0.13,-0.18,0.0103
2212,0.13,-0.30,0.0104
2213,0.28,-0.39,0.0103
2214,0.28,-0.53,0.0104
2215,0.46,-0.63,0.0103
2216,0.46,-0.69,0.0104
2217,0.46,-0.63,0.0103
2218,0.46,-0.61,0.0104
2219,0.44,-0.62,0.0103
2220,0.44,-0.50,0.0104
2221,0.28,-0.39,0.0103
2222,0.28,-0.34,0.0104
2223,0.22,-0.30,0.0103
2224,0.22,-0.25,0.0104
2225,0.14,-0.20,0.0103
2226,0.14,-0.14,0.0104
2227,0.06,-0.08,0.0103
2228,0.06,-0.01,0.0104
2229,0.00,-0.01,0.0103
2230,0.00,0.00,0.0102
2231,0.00,-0.01,0.0102
2232,0.00,-0.05,0.0103
2233,0.08,-0.11,0.0103
2234,0.08,-0.17,0.0104
2235,0.15,-0.21,0.0103
2236,0.15,-0.30,0.0104
2237,0.29,-0.40,0.0103
2238,0.29,-0.47,0.0104
2239,0.37,-0.51,0.0103
2240,0.37,-0.57,0.0104
2241,0.44,-0.61,0.0103
2242,0.44,-0.63,0.0104
2243,0.45,-0.63,0.0103
2244,0.45,-0.65,0.0104
2245,0.46,-0.64,0.0103
2246,0.46,-0.62,0.0104
2247,0.40,-0.55,0.0103
2248,0.40,-0.51,0.0104
2249,0.34,-0.47,0.0103
2250,0.34,-0.40,0.0104
2251,0.24,-0.33,0.0103
2252,0.24,-0.27,0.0104
2253,0.13,-0.17,0.0103
2254,0.13,-0.08,0.0104
2255,-0.01,0.01,0.0103
2256,-0.01,0.09,0.0104
2257,-0.11,0.15,0.0103
2258,-0.11,0.16,0.0104
2259,-0.11,0.15,0.0103
2260,-0.11,0.15,0.0104
2261,-0.15,0.20,0.0103
2262,-0.15,0.25,0.0104
2263,-0.21,0.29,0.0103
2264,-0.21,0.35,0.0104
2265,-0.28,0.38,0.0103
2266,-0.28,0.31,0.0104
2267,-0.26,0.37,0.0103
2268,-0.26,0.41,0.0104
2269,-0.13,0.18,0.0103
2270,-0.13,0.02,0.0104
2271,0.01,-0.02,0.0103
2272,0.01,0.01,0.0104
2273,-0.09,0.13,0.0102
2274,-0.09,0.21,0.0104
2275,-0.17,0.24,0.0103
2276,-0.17,0.33,0.0104
2277,-0.33,0.46,0.0103
2278,-0.33,0.58,0.0104
2279,-0.47,0.65,0.0103
2280,-0.47,0.77,0.0104
2281,-0.64,0.88,0.0103
2282,-0.64,0.94,0.0104
2283,-0.70,0.97,0.0103
2284,-0.70,0.99,0.0104
2285,-0.72,1.00,0.0103
2286,-0.72,0.90,0.0104
2287,-0.60,0.83,0.0103
2288,-0.60,0.74,0.0104
2289,-0.43,0.60,0.0103
2290,-0.43,0.43,0.0104
2291,-0.22,0.30,0.0103
2292,-0.22,0.18,0.0104
2293,-0.02,0.03,0.0103
2294,-0.02,-0.10,0.0104
2295,0.10,-0.13,0.0103
2296,0.10,-0.12,0.0104
2297,0.03,-0.04,0.0103
2298,0.03,0.05,0.0104
2299,-0.14,0.19,0.0103
2300,-0.14,0.36,0.0104
2301,-0.33,0.46,0.0103
2302,-0.33,0.55,0.0104
2303,-0.48,0.67,0.0103
2304,-0.48,0.76,0.0104
2305,-0.54,0.75,0.0102
2306,-0.54,0.81,0.0104
2307,-0.60,0.84,0.0103
2308,-0.60,0.76,0.0104
2309,-0.50,0.69,0.0103
2310,-0.50,0.63,0.0104
2311,-0.36,0.49,0.0103
2312,-0.36,0.37,0.0104
2313,-0.18,0.25,0.0103
2314,-0.18,0.14,0.0104
2315,-0.05,0.06,0.0103
2316,-0.05,0.01,0.0104
2317,0.05,-0.07,0.0102
2318,0.05,-0.03,0.0104
2319,-0.02,0.03,0.0103
2320,-0.02,0.11,0.0103
2321,-0.14,0.19,0.0103
2322,-0.14,0.28,0.0104
2323,-0.26,0.36,0.0103
2324,-0.26,0.43,0.0104
2325,-0.38,0.52,0.0103
2326,-0.38,0.62,0.0104
2327,-0.49,0.68,0.0103
2328,-0.49,0.74,0.0104
2329,-0.60,0.83,0.0103
2330,-0.60,0.85,0.0103
2331,-0.62,0.86,0.0103
2332,-0.62,0.84,0.0104
2333,-0.55,0.77,0.0103
2334,-0.55,0.62,0.0104
2335,-0.34,0.48,0.0103
2336,-0.34,0.43,0.0104
2337,-0.21,0.30,0.0103
2338,-0.21,0.13,0.0104
2339,-0.04,0.05,0.0103
2340,-0.04,-0.10,0.0104
2341,0.17,-0.24,0.0103
2342,0.17,-0.26,0.0104
2343,0.16,-0.22,0.0103
2344,0.16,-0.17,0.0104
2345,0.09,-0.13,0.0103
2346,0.09,-0.10,0.0104
2347,0.06,-0.09,0.0103
2348,0.06,-0.11,0.0104
2349,0.07,-0.10,0.0103
2350,0.07,-0.07,0.0104
2351,0.00,-0.00,0.0103
2352,0.00,0.01,0.0103
2353,0.04,-0.05,0.0102
2354,0.04,-0.04,0.0104
2355,0.00,-0.01,0.0103
2356,0.00,-0.01,0.0103
2357,0.05,-0.07,0.0102
2358,0.05,-0.13,0.0104
2359,0.11,-0.15,0.0103
2360,0.11,-0.19,0.0104
2361,0.19,-0.26,0.0103
2362,0.19,-0.31,0.0104
2363,0.27,-0.38,0.0103
2364,0.27,-0.47,0.0104
2365,0.40,-0.56,0.0103
2366,0.40,-0.63,0.0104
2367,0.53,-0.73,0.0103
2368,0.53,-0.79,0.0104
2369,0.62,-0.87,0.0103
2370,0.62,-0.86,0.0104
2371,0.60,-0.83,0.0103
2372,0.60,-0.77,0.0104
2373,0.51,-0.70,0.0103
2374,0.51,-0.62,0.0104
2375,0.35,-0.49,0.0103
2376,0.35,-0.40,0.0104
2377,0.18,-0.25,0.0103
2378,0.18,-0.13,0.0104
2379,0.01,-0.02,0.0103
2380,0.01,0.09,0.0104
2381,-0.10,0.14,0.0103
2382,-0.10,0.09,0.0104
2383,0.05,-0.06,0.0103
2384,0.05,-0.19,0.0104
2385,0.24,-0.33,0.0103
2386,0.24,-0.52,0.0104
2387,0.48,-0.66,0.0103
2388,0.48,-0.79,0.0104
2389,0.67,-0.92,0.0103
2390,0.67,-1.05,0.0104
2391,0.77,-1.08,0.0103
2392,0.77,-1.05,0.0104
2393,0.74,-1.02,0.0103
2394,0.74,-0.92,0.0104
2395,0.55,-0.77,0.0103
2396,0.55,-0.54,0.0104
2397,0.26,-0.35,0.0103
2398,0.26,-0.11,0.0104
2399,-0.08,0.11,0.0103
2400,-0.08,0.23,0.0104
2401,-0.24,0.33,0.0103
2402,-0.24,0.32,0.0104
2403,-0.11,0.16,0.0103
2404,-0.11,0.01,0.0103
2405,0.11,-0.15,0.0102
2406,0.11,-0.35,0.0104
2407,0.37,-0.52,0.0103
2408,0.37,-0.65,0.0104
2409,0.56,-0.77,0.0103
2410,0.56,-0.80,0.0104
2411,0.51,-0.71,0.0103
2412,0.51,-0.70,0.0104
2413,0.50,-0.70,0.0103
2414,0.50,-0.60,0.0104
2415,0.37,-0.52,0.0103
2416,0.37,-0.48,0.0104
2417,0.27,-0.37,0.0103
2418,0.27,-0.25,0.0104
2419,0.09,-0.13,0.0103
2420,0.09,-0.06,0.0104
2421,0.01,-0.01,0.0103
2422,0.01,0.05,0.0103
2423,0.00,-0.00,0.0103
2424,0.00,-0.14,0.0103
2425,0.20,-0.28,0.0103
2426,0.20,-0.40,0.0104
2427,0.39,-0.54,0.0103
2428,0.39,-0.66,0.0104
2429,0.56,-0.78,0.0103
2430,0.56,-0.85,0.0104
2431,0.67,-0.93,0.0103
2432,0.67,-0.96,0.0104
2433,0.71,-0.99,0.0103
2434,0.71,-0.91,0.0104
2435,0.58,-0.81,0.0103
2436,0.58,-0.72,0.0104
2437,0.41,-0.57,0.0103
2438,0.41,-0.37,0.0104
2439,0.17,-0.23,0.0103
2440,0.17,-0.06,0.0104
2441,-0.07,0.10,0.0103
2442,-0.07,0.27,0.0104
2443,-0.24,0.34,0.0103
2444,-0.24,0.29,0.0104
2445,-0.16,0.23,0.0103
2446,-0.16,0.14,0.0104
2447,-0.02,0.02,0.0103
2448,-0.02,-0.08,0.0104
2449,0.10,-0.14,0.0103
2450,0.10,-0.20,0.0104
2451,0.22,-0.31,0.0103
2452,0.22,-0.41,0.0104
2453,0.33,-0.46,0.0103
2454,0.33,-0.52,0.0104
2455,0.41,-0.57,0.0103
2456,0.41,-0.47,0.0104
2457,0.29,-0.40,0.0103
2458,0.29,-0.19,0.0104
2459,0.08,-0.11,0.0103
2460,0.08,0.03,0.0104
2461,-0.16,0.23,0.0103
2462,-0.16,0.33,0.0104
2463,-0.23,0.32,0.0103
2464,-0.23,0.28,0.0104
2465,-0.20,0.28,0.0103
2466,-0.20,0.27,0.0104
2467,-0.18,0.25,0.0103
2468,-0.18,0.23,0.0104
2469,-0.16,0.22,0.0103
2470,-0.16,0.13,0.0104
2471,0.02,-0.03,0.0103
2472,0.02,-0.29,0.0104
2473,0.24,-0.33,0.0103
2474,0.24,-0.34,0.0104
2475,0.26,-0.36,0.0103
2476,0.26,-0.37,0.0104
2477,0.24,-0.34,0.0103
2478,0.24,-0.35,0.0104
2479,0.26,-0.37,0.0103
2480,0.26,-0.29,0.0104
2481,-0.02,0.02,0.0103
2482,-0.02,0.26,0.0104
2483,-0.24,0.34,0.0103
2484,-0.24,0.36,0.0104
2485,-0.28,0.39,0.0103
2486,-0.28,0.41,0.0104
2487,-0.32,0.45,0.0103
2488,-0.32,0.46,0.0104
2489,-0.37,0.51,0.0103
2490,-0.37,0.53,0.0104
2491,-0.22,0.30,0.0103
2492,-0.22,0.13,0.0104
2493,-0.01,0.02,0.0103
2494,-0.01,-0.13,0.0104
2495,0.08,-0.11,0.0103
2496,0.08,-0.19,0.0104
2497,0.13,-0.18,0.0103
2498,0.13,-0.14,0.0104
2499,0.07,-0.10,0.0103
2500,0.07,-0.03,0.0104
2501,-0.02,0.03,0.0103
2502,-0.02,0.06,0.0104
2503,-0.07,0.10,0.0103
2504,-0.07,0.19,0.0104
2505,-0.17,0.23,0.0103
2506,-0.17,0.27,0.0104
2507,-0.23,0.32,0.0103
2508,-0.23,0.40,0.0104
2509,-0.32,0.44,0.0103
2510,-0.32,0.41,0.0104
2511,-0.20,0.28,0.0103
2512,-0.20,0.23,0.0104
2513,-0.14,0.19,0.0103
2514,-0.14,0.14,0.0104
2515,-0.06,0.09,0.0103
2516,-0.06,0.01,0.0104
2517,0.01,-0.01,0.0103
2518,0.01,0.02,0.0104
2519,-0.02,0.03,0.0103
2520,-0.02,0.04,0.0104
2521,-0.06,0.08,0.0103
2522,-0.06,0.11,0.0104
2523,-0.09,0.13,0.0103
2524,-0.09,0.14,0.0104
2525,-0.14,0.19,0.0103
2526,-0.14,0.23,0.0104
2527,-0.19,0.26,0.0103
2528,-0.19,0.28,0.0104
2529,-0.23,0.32,0.0103
2530,-0.23,0.33,0.0104
2531,-0.23,0.33,0.0103
2532,-0.23,0.32,0.0104
2533,-0.22,0.31,0.0103
2534,-0.22,0.32,0.0104
2535,-0.23,0.32,0.0103
2536,-0.23,0.32,0.0104
2537,-0.24,0.33,0.0103
2538,-0.24,0.34,0.0104
2539,-0.23,0.32,0.0103
2540,-0.23,0.33,0.0104
2541,-0.24,0.33,0.0103
2542,-0.24,0.33,0.0104
2543,-0.23,0.31,0.0103
2544,-0.23,0.31,0.0103
2545,-0.22,0.31,0.0103
2546,-0.22,0.30,0.0104
2547,-0.21,0.29,0.0103
2548,-0.21,0.30,0.0103
2549,-0.23,0.32,0.0103
2550,-0.23,0.33,0.0104
2551,-0.25,0.34,0.0103
2552,-0.25,0.36,0.0104
2553,-0.27,0.37,0.0103
2554,-0.27,0.36,0.0104
2555,-0.26,0.36,0.0103
2556,-0.26,0.33,0.0104
2557,-0.23,0.33,0.0103
2558,-0.23,0.31,0.0104
2559,-0.21,0.30,0.0103
2560,-0.21,0.28,0.0104
2561,-0.20,0.28,0.0103
2562,-0.20,0.28,0.0104
2563,-0.21,0.29,0.0103
2564,-0.21,0.30,0.0104
2565,-0.22,0.31,0.0103
2566,-0.22,0.31,0.0104
2567,-0.21,0.30,0.0103
2568,-0.21,0.29,0.0104
2569,-0.21,0.30,0.0103
2570,-0.21,0.30,0.0104
2571,-0.22,0.30,0.0103
2572,-0.22,0.31,0.0104
2573,-0.23,0.32,0.0103
2574,-0.23,0.33,0.0104
2575,-0.25,0.34,0.0103
2576,-0.25,0.35,0.0104
2577,-0.26,0.36,0.0103
2578,-0.26,0.37,0.0104
2579,-0.26,0.36,0.0103
2580,-0.26,0.37,0.0104
2581,-0.25,0.35,0.0103
2582,-0.25,0.34,0.0104
2583,-0.24,0.34,0.0103
2584,-0.24,0.32,0.0104
2585,-0.22,0.31,0.0103
2586,-0.22,0.30,0.0104
2587,-0.23,0.32,0.0103
2588,-0.23,0.33,0.0104
2589,-0.26,0.35,0.0103
2590,-0.26,0.37,0.0104
2591,-0.29,0.40,0.0103
2592,-0.29,0.41,0.0104
2593,-0.31,0.43,0.0103
2594,-0.31,0.43,0.0104
2595,-0.33,0.45,0.0103
2596,-0.33,0.45,0.0104
2597,-0.33,0.45,0.0103
2598,-0.33,0.45,0.0104
2599,-0.31,0.44,0.0103
2600,-0.31,0.41,0.0104
2601,-0.29,0.41,0.0103
2602,-0.29,0.40,0.0104
2603,-0.28,0.39,0.0103
2604,-0.28,0.37,0.0104
2605,-0.24,0.34,0.0103
2606,-0.24,0.30,0.0104
2607,-0.19,0.26,0.0103
2608,-0.19,0.23,0.0104
2609,-0.14,0.19,0.0103
2610,-0.14,0.19,0.0104
2611,-0.14,0.20,0.0103
2612,-0.14,0.22,0.0104
2613,-0.16,0.22,0.0103
2614,-0.16,0.25,0.0104
2615,-0.19,0.26,0.0103
2616,-0.19,0.28,0.0104
2617,-0.20,0.28,0.0103
2618,-0.20,0.27,0.0104
2619,-0.19,0.26,0.0103
2620,-0.19,0.25,0.0104
2621,-0.16,0.23,0.0103
2622,-0.16,0.21,0.0104
2623,-0.15,0.21,0.0103
2624,-0.15,0.19,0.0104
2625,-0.14,0.19,0.0103
2626,-0.14,0.18,0.0104
2627,-0.13,0.18,0.0103
2628,-0.13,0.16,0.0104
2629,-0.11,0.15,0.0103
2630,-0.11,0.14,0.0104
2631,-0.09,0.13,0.0103
2632,-0.09,0.11,0.0104
2633,-0.07,0.10,0.0103
2634,-0.07,0.08,0.0104
2635,-0.06,0.08,0.0103
2636,-0.06,0.06,0.0104
2637,-0.03,0.05,0.0102
2638,-0.03,0.04,0.0104
2639,-0.02,0.03,0.0103
2640,-0.02,0.02,0.0103
2641,-0.00,0.01,0.0103
2642,-0.00,-0.02,0.0102
2643,0.02,-0.03,0.0103
2644,0.02,-0.05,0.0104
2645,0.06,-0.08,0.0103
2646,0.06,-0.10,0.0104
2647,0.09,-0.13,0.0103
2648,0.09,-0.17,0.0104
2649,0.15,-0.20,0.0103
2650,0.15,-0.24,0.0104
2651,0.19,-0.27,0.0103
2652,0.19,-0.31,0.0104
2653,0.25,-0.35,0.0103
2654,0.25,-0.31,0.0104
2655,0.14,-0.20,0.0103
2656,0.14,-0.10,0.0104
2657,-0.05,0.07,0.0103
2658,-0.05,0.17,0.0104
2659,-0.18,0.25,0.0103
2660,-0.18,0.24,0.0104
2661,-0.17,0.24,0.0103
2662,-0.17,0.20,0.0104
2663,-0.13,0.17,0.0103
2664,-0.13,0.15,0.0104
2665,-0.11,0.15,0.0103
2666,-0.11,0.13,0.0104
2667,-0.09,0.12,0.0103
2668,-0.09,-0.12,0.0104
2669,0.17,-0.23,0.0103
2670,0.17,-0.26,0.0104
2671,0.19,-0.26,0.0103
2672,0.19,-0.26,0.0104
2673,0.20,-0.28,0.0103
2674,0.20,-0.30,0.0104
2675,0.24,-0.33,0.0103
2676,0.24,-0.35,0.0104
2677,0.29,-0.40,0.0103
2678,0.29,-0.05,0.0104
2679,-0.11,0.15,0.0103
2680,-0.11,0.24,0.0104
2681,-0.13,0.18,0.0103
2682,-0.13,0.13,0.0104
2683,-0.07,0.10,0.0103
2684,-0.07,0.08,0.0104
2685,-0.02,0.03,0.0103
2686,-0.02,0.01,0.0104
2687,-0.00,0.01,0.0103
2688,-0.00,-0.02,0.0102
2689,0.03,-0.04,0.0103
2690,0.03,-0.05,0.0104
2691,0.05,-0.07,0.0103
2692,0.05,-0.10,0.0104
2693,0.08,-0.11,0.0103
2694,0.08,-0.11,0.0104
2695,0.08,-0.11,0.0103
2696,0.08,-0.11,0.0104
2697,0.07,-0.09,0.0103
2698,0.07,0.02,0.0104
2699,-0.03,0.04,0.0103
2700,-0.03,0.06,0.0104
2701,-0.06,0.09,0.0103
2702,-0.06,0.09,0.0104
2703,-0.06,0.08,0.0103
2704,-0.06,0.11,0.0104
2705,-0.11,0.15,0.0103
2706,-0.11,0.16,0.0104
2707,-0.11,0.16,0.0103
2708,-0.11,0.19,0.0104
2709,-0.16,0.22,0.0103
2710,-0.16,0.08,0.0104
2711,-0.06,0.09,0.0103
2712,-0.06,0.16,0.0104
2713,-0.12,0.16,0.0103
2714,-0.12,0.17,0.0104
2715,-0.17,0.24,0.0103
2716,-0.17,0.27,0.0104
2717,-0.11,0.15,0.0103
2718,-0.11,0.09,0.0104
2719,-0.06,0.08,0.0103
2720,-0.06,0.17,0.0104
2721,-0.14,0.20,0.0103
2722,-0.14,0.17,0.0104
2723,-0.11,0.16,0.0103
2724,-0.11,0.23,0.0104
2725,-0.20,0.28,0.0103
2726,-0.20,0.29,0.0104
2727,-0.26,0.36,0.0103
2728,-0.26,0.43,0.0104
2729,-0.34,0.47,0.0103
2730,-0.34,0.49,0.0104
2731,-0.40,0.55,0.0103
2732,-0.40,0.59,0.0104
2733,-0.44,0.61,0.0103
2734,-0.44,0.63,0.0104
2735,-0.47,0.65,0.0103
2736,-0.47,0.62,0.0104
2737,-0.44,0.62,0.0103
2738,-0.44,0.58,0.0104
2739,-0.38,0.53,0.0103
2740,-0.38,0.47,0.0104
2741,-0.28,0.39,0.0103
2742,-0.28,0.32,0.0104
2743,-0.17,0.24,0.0103
2744,-0.17,0.17,0.0104
2745,-0.07,0.10,0.0103
2746,-0.07,0.06,0.0104
2747,-0.04,0.06,0.0103
2748,-0.04,0.05,0.0104
2749,-0.04,0.06,0.0103
2750,-0.04,0.13,0.0104
2751,-0.12,0.17,0.0103
2752,-0.12,0.21,0.0104
2753,-0.17,0.24,0.0103
2754,-0.17,0.29,0.0104
2755,-0.23,0.32,0.0103
2756,-0.23,0.35,0.0104
2757,-0.26,0.36,0.0103
2758,-0.26,0.37,0.0104
2759,-0.28,0.39,0.0103
2760,-0.28,0.42,0.0104
2761,-0.32,0.45,0.0103
2762,-0.32,0.48,0.0104
2763,-0.37,0.52,0.0103
2764,-0.37,0.55,0.0104
2765,-0.42,0.58,0.0103
2766,-0.42,0.58,0.0104
2767,-0.42,0.58,0.0103
2768,-0.42,0.59,0.0104
2769,-0.42,0.59,0.0103
2770,-0.42,0.57,0.0104
2771,-0.39,0.54,0.0103
2772,-0.39,0.48,0.0104
2773,-0.32,0.44,0.0103
2774,-0.32,0.41,0.0104
2775,-0.26,0.36,0.0103
2776,-0.26,0.34,0.0104
2777,-0.23,0.32,0.0103
2778,-0.23,0.29,0.0104
2779,-0.18,0.25,0.0103
2780,-0.18,0.24,0.0104
2781,-0.15,0.21,0.0103
2782,-0.15,0.19,0.0104
2783,-0.13,0.18,0.0103
2784,-0.13,0.18,0.0104
2785,-0.13,0.19,0.0103
2786,-0.13,0.23,0.0104
2787,-0.18,0.25,0.0103
2788,-0.18,0.26,0.0104
2789,-0.20,0.28,0.0103
2790,-0.20,0.32,0.0104
2791,-0.24,0.34,0.0103
2792,-0.24,0.35,0.0104
2793,-0.26,0.36,0.0103
2794,-0.26,0.36,0.0104
2795,-0.26,0.37,0.0103
2796,-0.26,0.36,0.0104
2797,-0.27,0.37,0.0103
2798,-0.27,0.37,0.0104
2799,-0.27,0.38,0.0103
2800,-0.27,0.38,0.0104
2801,-0.28,0.38,0.0103
2802,-0.28,0.39,0.0104
2803,-0.28,0.39,0.0103
2804,-0.28,0.39,0.0104
2805,-0.30,0.42,0.0103
2806,-0.30,0.42,0.0104
2807,-0.29,0.41,0.0103
2808,-0.29,0.41,0.0104
2809,-0.29,0.41,0.0103
2810,-0.29,0.42,0.0104
2811,-0.30,0.41,0.0103
2812,-0.30,0.42,0.0104
2813,-0.30,0.41,0.0103
2814,-0.30,0.41,0.0104
2815,-0.30,0.41,0.0103
2816,-0.30,0.42,0.0104
2817,-0.29,0.40,0.0103
2818,-0.29,0.41,0.0104
2819,-0.28,0.38,0.0103
2820,-0.28,0.35,0.0104
2821,-0.22,0.31,0.0103
2822,-0.22,0.29,0.0103
2823,-0.19,0.26,0.0103
2824,-0.19,0.26,0.0104
2825,-0.20,0.28,0.0103
2826,-0.20,0.28,0.0104
2827,-0.20,0.28,0.0103
2828,-0.20,0.28,0.0104
2829,-0.21,0.29,0.0103
2830,-0.21,0.27,0.0104
2831,-0.19,0.27,0.0103
2832,-0.19,0.26,0.0104
2833,-0.19,0.26,0.0103
2834,-0.19,0.24,0.0104
2835,-0.17,0.23,0.0103
2836,-0.17,0.22,0.0104
2837,-0.15,0.21,0.0103
2838,-0.15,0.22,0.0103
2839,-0.16,0.22,0.0103
2840,-0.16,0.21,0.0104
2841,-0.14,0.20,0.0103
2842,-0.14,0.19,0.0104
2843,-0.11,0.16,0.0103
2844,-0.11,0.14,0.0104
2845,-0.08,0.11,0.0103
2846,-0.08,0.09,0.0104
2847,-0.05,0.07,0.0103
2848,-0.05,0.05,0.0103
2849,-0.02,0.03,0.0103
2850,-0.02,0.02,0.0103
2851,0.00,-0.00,0.0103
2852,0.00,-0.02,0.0103
2853,0.03,-0.04,0.0103
2854,0.03,-0.05,0.0104
2855,0.05,-0.07,0.0103
2856,0.05,-0.09,0.0104
2857,0.08,-0.11,0.0103
2858,0.08,-0.12,0.0104
2859,0.10,-0.14,0.0103
2860,0.10,-0.17,0.0104
2861,0.15,-0.20,0.0103
2862,0.15,-0.25,0.0104
2863,0.23,-0.32,0.0103
2864,0.23,-0.25,0.0104
2865,0.02,-0.03,0.0103
2866,0.02,0.09,0.0104
2867,-0.14,0.20,0.0103
2868,-0.14,0.21,0.0104
2869,-0.16,0.22,0.0103
2870,-0.16,0.18,0.0104
2871,-0.10,0.14,0.0103
2872,-0.10,0.09,0.0104
2873,-0.06,0.08,0.0103
2874,-0.06,0.07,0.0104
2875,-0.02,0.03,0.0103
2876,-0.02,-0.15,0.0104
2877,0.15,-0.21,0.0103
2878,0.15,-0.25,0.0104
2879,0.17,-0.23,0.0103
2880,0.17,-0.27,0.0104
2881,0.21,-0.29,0.0103
2882,0.21,-0.30,0.0104
2883,0.22,-0.30,0.0103
2884,0.22,-0.34,0.0104
2885,0.25,-0.35,0.0103
2886,0.25,-0.16,0.0104
2887,-0.01,0.01,0.0103
2888,-0.01,0.24,0.0104
2889,-0.27,0.37,0.0103
2890,-0.27,0.41,0.0104
2891,-0.31,0.43,0.0103
2892,-0.31,0.41,0.0103
2893,-0.28,0.39,0.0103
2894,-0.28,0.39,0.0104
2895,-0.29,0.41,0.0103
2896,-0.29,0.14,0.0104
2897,0.05,-0.07,0.0103
2898,0.05,-0.43,0.0104
2899,0.44,-0.61,0.0103
2900,0.44,-0.63,0.0104
2901,0.45,-0.63,0.0103
2902,0.45,-0.63,0.0104
2903,0.42,-0.58,0.0103
2904,0.42,-0.48,0.0104
2905,0.21,-0.29,0.0103
2906,0.21,-0.11,0.0104
2907,-0.04,0.06,0.0103
2908,-0.04,0.21,0.0104
2909,-0.30,0.42,0.0103
2910,-0.30,0.57,0.0104
2911,-0.43,0.59,0.0103
2912,-0.43,0.64,0.0104
2913,-0.46,0.64,0.0103
2914,-0.46,0.65,0.0103
2915,-0.51,0.71,0.0103
2916,-0.51,0.47,0.0104
2917,-0.14,0.20,0.0103
2918,-0.14,-0.16,0.0104
2919,0.24,-0.33,0.0103
2920,0.24,-0.34,0.0104
2921,0.19,-0.27,0.0103
2922,0.19,-0.23,0.0104
2923,0.13,-0.18,0.0103
2924,0.13,-0.11,0.0104
2925,0.06,-0.09,0.0103
2926,0.06,-0.07,0.0104
2927,0.02,-0.03,0.0103
2928,0.02,0.06,0.0104
2929,-0.15,0.20,0.0103
2930,-0.15,0.40,0.0104
2931,-0.36,0.51,0.0103
2932,-0.36,0.59,0.0104
2933,-0.46,0.64,0.0103
2934,-0.46,0.68,0.0104
2935,-0.51,0.72,0.0103
2936,-0.51,0.62,0.0104
2937,-0.23,0.32,0.0103
2938,-0.23,0.15,0.0104
2939,-0.08,0.11,0.0103
2940,-0.08,-0.02,0.0104
2941,0.12,-0.17,0.0103
2942,0.12,-0.30,0.0104
2943,0.26,-0.36,0.0103
2944,0.26,-0.34,0.0104
2945,0.22,-0.31,0.0103
2946,0.22,-0.31,0.0104
2947,0.19,-0.27,0.0103
2948,0.19,-0.26,0.0104
2949,0.20,-0.28,0.0103
2950,0.20,-0.14,0.0104
2951,-0.08,0.11,0.0103
2952,-0.08,0.31,0.0104
2953,-0.26,0.36,0.0103
2954,-0.26,0.40,0.0104
2955,-0.31,0.43,0.0103
2956,-0.31,0.39,0.0104
2957,-0.25,0.35,0.0103
2958,-0.25,0.37,0.0104
2959,-0.29,0.40,0.0103
2960,-0.29,0.23,0.0104
2961,0.08,-0.12,0.0103
2962,0.08,-0.35,0.0104
2963,0.35,-0.48,0.0103
2964,0.35,-0.52,0.0104
2965,0.37,-0.51,0.0103
2966,0.37,-0.55,0.0104
2967,0.43,-0.60,0.0103
2968,0.43,-0.42,0.0104
2969,0.21,-0.29,0.0103
2970,0.21,-0.35,0.0104
2971,0.11,-0.16,0.0103
2972,0.11,-0.10,0.0104
2973,-0.06,0.08,0.0103
2974,-0.06,0.17,0.0104
2975,-0.15,0.20,0.0103
2976,-0.15,0.16,0.0104
2977,-0.11,0.15,0.0103
2978,-0.11,0.15,0.0104
2979,-0.08,0.11,0.0103
2980,-0.08,0.06,0.0104
2981,-0.04,0.05,0.0103
2982,-0.04,-0.00,0.0104
2983,0.11,-0.15,0.0102
2984,0.11,-0.15,0.0104
2985,0.10,-0.14,0.0103
2986,0.10,-0.17,0.0104
2987,0.17,-0.24,0.0103
2988,0.17,-0.25,0.0104
2989,0.19,-0.26,0.0103
2990,0.19,-0.30,0.0104
2991,0.25,-0.34,0.0103
2992,0.25,-0.33,0.0104
2993,0.14,-0.19,0.0103
2994,0.14,-0.20,0.0104
2995,0.03,-0.04,0.0103
2996,0.03,0.00,0.0104
2997,-0.12,0.16,0.0102
2998,-0.12,0.17,0.0104
2999,-0.10,0.14,0.0103
3000,-0.10,0.15,0.0104
3001,-0.14,0.20,0.0103
3002,-0.14,0.24,0.0104
3003,-0.17,0.23,0.0103
3004,-0.17,0.28,0.0104
3005,-0.22,0.31,0.0103
3006,-0.22,0.31,0.0104
3007,-0.15,0.21,0.0103
3008,-0.15,0.13,0.0104
3009,0.02,-0.02,0.0103
3010,0.02,-0.17,0.0104
3011,0.14,-0.20,0.0103
3012,0.14,-0.23,0.0104
3013,0.17,-0.23,0.0103
3014,0.17,-0.14,0.0104
3015,0.03,-0.05,0.0103
3016,0.03,-0.01,0.0104
3017,-0.02,0.03,0.0103
3018,-0.02,0.13,0.0104
3019,-0.16,0.22,0.0103
3020,-0.16,0.30,0.0104
3021,-0.26,0.36,0.0103
3022,-0.26,0.42,0.0103
3023,-0.36,0.50,0.0103
3024,-0.36,0.59,0.0104
3025,-0.49,0.69,0.0103
3026,-0.49,0.76,0.0104
3027,-0.35,0.48,0.0103
3028,-0.35,0.42,0.0104
3029,-0.09,0.13,0.0103
3030,-0.09,-0.02,0.0104
3031,0.01,-0.02,0.0103
3032,0.01,-0.02,0.0104
3033,-0.03,0.04,0.0103
3034,-0.03,0.15,0.0104
3035,-0.17,0.23,0.0103
3036,-0.17,0.29,0.0104
3037,-0.25,0.35,0.0103
3038,-0.25,0.45,0.0104
3039,-0.38,0.52,0.0103
3040,-0.38,0.60,0.0104
3041,-0.48,0.66,0.0103
3042,-0.48,0.71,0.0104
3043,-0.54,0.76,0.0103
3044,-0.54,0.79,0.0104
3045,-0.58,0.81,0.0103
3046,-0.58,0.82,0.0104
3047,-0.57,0.79,0.0103
3048,-0.57,0.69,0.0104
3049,-0.44,0.62,0.0103
3050,-0.44,0.50,0.0104
3051,-0.31,0.42,0.0103
3052,-0.31,0.29,0.0104
3053,-0.13,0.18,0.0103
3054,-0.13,0.02,0.0104
3055,0.07,-0.10,0.0103
3056,0.07,-0.17,0.0104
3057,0.13,-0.19,0.0103
3058,0.13,-0.19,0.0104
3059,0.12,-0.17,0.0103
3060,0.12,-0.12,0.0104
3061,0.07,-0.10,0.0103
3062,0.07,-0.11,0.0104
3063,0.07,-0.09,0.0103
3064,0.07,-0.06,0.0104
3065,0.04,-0.06,0.0103
3066,0.04,-0.09,0.0104
3067,0.06,-0.09,0.0103
3068,0.06,0.01,0.0104
3069,-0.08,0.11,0.0102
3070,-0.08,0.12,0.0104
3071,-0.05,0.07,0.0103
3072,-0.05,0.07,0.0104
3073,-0.03,0.04,0.0103
3074,-0.03,-0.06,0.0104
3075,0.08,-0.11,0.0103
3076,0.08,-0.13,0.0104
3077,0.15,-0.20,0.0103
3078,0.15,-0.27,0.0104
3079,0.23,-0.32,0.0103
3080,0.23,-0.37,0.0104
3081,0.31,-0.44,0.0103
3082,0.31,-0.46,0.0104
3083,0.15,-0.21,0.0103
3084,0.15,-0.10,0.0104
3085,0.04,-0.06,0.0103
3086,0.04,-0.19,0.0104
3087,0.09,-0.13,0.0103
3088,0.09,-0.10,0.0104
3089,0.11,-0.15,0.0103
3090,0.11,-0.22,0.0104
3091,0.19,-0.27,0.0103
3092,0.19,-0.30,0.0104
3093,0.24,-0.33,0.0103
3094,0.24,-0.43,0.0104
3095,0.35,-0.49,0.0103
3096,0.35,-0.55,0.0104
3097,0.44,-0.61,0.0103
3098,0.44,-0.69,0.0104
3099,0.54,-0.75,0.0103
3100,0.54,-0.71,0.0104
3101,0.49,-0.68,0.0103
3102,0.49,-0.66,0.0104
3103,0.45,-0.63,0.0103
3104,0.45,-0.50,0.0104
3105,0.31,-0.44,0.0103
3106,0.31,-0.32,0.0104
3107,0.16,-0.23,0.0103
3108,0.16,-0.13,0.0104
3109,0.05,-0.07,0.0103
3110,0.05,-0.00,0.0104
3111,-0.02,0.03,0.0102
3112,-0.02,-0.03,0.0104
3113,0.07,-0.10,0.0103
3114,0.07,-0.18,0.0104
3115,0.22,-0.31,0.0103
3116,0.22,-0.37,0.0104
3117,0.30,-0.41,0.0103
3118,0.30,-0.45,0.0104
3119,0.34,-0.48,0.0103
3120,0.34,-0.50,0.0104
3121,0.36,-0.50,0.0103
3122,0.36,-0.53,0.0104
3123,0.40,-0.56,0.0103
3124,0.40,-0.59,0.0104
3125,0.43,-0.59,0.0103
3126,0.43,-0.61,0.0104
3127,0.43,-0.59,0.0103
3128,0.43,-0.55,0.0104
3129,0.36,-0.50,0.0103
3130,0.36,-0.43,0.0104
3131,0.29,-0.40,0.0103
3132,0.29,-0.32,0.0104
3133,0.20,-0.27,0.0103
3134,0.20,-0.25,0.0104
3135,0.15,-0.21,0.0103
3136,0.15,-0.13,0.0104
3137,0.07,-0.10,0.0103
3138,0.07,-0.03,0.0104
3139,-0.03,0.04,0.0103
3140,-0.03,0.10,0.0104
3141,-0.10,0.13,0.0103
3142,-0.10,0.16,0.0104
3143,-0.13,0.18,0.0103
3144,-0.13,0.21,0.0104
3145,-0.15,0.21,0.0103
3146,-0.15,0.22,0.0104
3147,-0.18,0.26,0.0103
3148,-0.18,0.28,0.0104
3149,-0.14,0.20,0.0103
3150,-0.14,0.04,0.0104
3151,0.18,-0.24,0.0103
3152,0.18,-0.54,0.0104
3153,0.46,-0.64,0.0103
3154,0.46,-0.80,0.0104
3155,0.69,-0.96,0.0103
3156,0.69,-1.05,0.0104
3157,0.79,-1.10,0.0103
