36,-0.53,0.31,0.0153
37,-0.02,0.02,0.0152
38,-0.02,-0.33,0.0153
39,0.59,-0.58,0.0152
40,0.59,-0.69,0.0153
41,0.75,-0.73,0.0152
42,0.75,-0.75,0.0153
43,0.35,-0.34,0.0152
44,0.35,0.02,0.0153
45,-0.15,0.14,0.0152
46,-0.15,0.11,0.0153
47,-0.02,0.02,0.0152
48,-0.02,-0.01,0.0153
49,0.09,-0.09,0.0152
50,0.09,-0.13,0.0153
51,0.15,-0.15,0.0152
52,0.15,-0.19,0.0153
53,0.22,-0.22,0.0152
54,0.22,-0.15,0.0153
55,0.20,-0.20,0.0152
56,0.20,-0.11,0.0153
57,0.04,-0.04,0.0152
58,0.04,-0.04,0.0153
59,0.06,-0.06,0.0152
60,0.06,-0.10,0.0153
61,0.14,-0.14,0.0152
62,0.14,-0.14,0.0153
63,0.16,-0.16,0.0152
64,0.16,-0.17,0.0153
65,0.18,-0.17,0.0152
66,0.18,-0.19,0.0153
67,0.18,-0.18,0.0152
68,0.18,-0.19,0.0153
69,0.19,-0.19,0.0152
70,0.19,-0.19,0.0153
71,0.20,-0.20,0.0152
72,0.20,-0.20,0.0153
73,0.21,-0.21,0.0152
74,0.21,-0.23,0.0153
75,0.22,-0.22,0.0152
76,0.22,-0.23,0.0153
77,0.23,-0.23,0.0152
78,0.23,-0.25,0.0153
79,0.26,-0.25,0.0152
80,0.26,-0.26,0.0153
81,0.25,-0.24,0.0152
82,0.25,-0.26,0.0153
83,0.28,-0.28,0.0152
84,0.28,-0.30,0.0153
85,0.29,-0.29,0.0152
86,0.29,-0.28,0.0153
87,0.27,-0.26,0.0152
88,0.27,-0.27,0.0153
89,0.27,-0.26,0.0152
90,0.27,-0.25,0.0153
91,0.23,-0.23,0.0152
92,0.23,-0.23,0.0153
93,0.23,-0.23,0.0152
94,0.23,-0.24,0.0153
95,0.23,-0.23,0.0152
96,0.23,-0.23,0.0153
97,0.24,-0.23,0.0152
98,0.24,-0.24,0.0153
99,0.24,-0.24,0.0152
100,0.24,-0.24,0.0153
101,0.23,-0.23,0.0152
102,0.23,-0.24,0.0153
103,0.24,-0.24,0.0152
104,0.24,-0.23,0.0153
105,0.23,-0.23,0.0153
106,0.23,-0.24,0.0153
107,0.27,-0.26,0.0152
108,0.27,-0.25,0.0153
109,0.26,-0.26,0.0153
110,0.26,-0.26,0.0153
111,0.29,-0.28,0.0153
112,0.29,-0.28,0.0153
113,0.30,-0.29,0.0153
114,0.30,-0.30,0.0153
115,0.34,-0.33,0.0153
116,0.34,-0.34,0.0153
117,0.37,-0.36,0.0153
118,0.37,-0.36,0.0153
119,0.41,-0.40,0.0153
120,0.41,-0.41,0.0153
121,0.44,-0.43,0.0153
122,0.44,-0.43,0.0153
123,0.47,-0.46,0.0153
124,0.47,-0.50,0.0154
125,0.54,-0.53,0.0153
126,0.54,-0.54,0.0153
127,0.54,-0.53,0.0153
128,0.54,-0.51,0.0153
129,0.48,-0.47,0.0153
130,0.48,-0.35,0.0153
131,0.27,-0.26,0.0153
132,0.27,-0.14,0.0153
133,0.06,-0.06,0.0153
134,0.06,0.09,0.0153
135,-0.13,0.12,0.0152
136,-0.13,0.10,0.0153
137,-0.09,0.09,0.0152
138,-0.09,0.10,0.0153
139,-0.11,0.11,0.0153
140,-0.11,0.11,0.0153
141,-0.10,0.10,0.0152
142,-0.10,0.10,0.0153
143,-0.15,0.15,0.0153
144,-0.15,0.01,0.0153
145,-0.00,0.00,0.0153
146,-0.00,0.04,0.0152
147,-0.11,0.11,0.0152
148,-0.11,0.13,0.0153
149,-0.20,0.20,0.0152
150,-0.20,0.27,0.0154
151,-0.31,0.31,0.0153
152,-0.31,0.39,0.0153
153,-0.43,0.42,0.0153
154,-0.43,0.51,0.0153
155,-0.57,0.56,0.0153
156,-0.57,0.62,0.0153
157,-0.62,0.60,0.0153
158,-0.62,0.58,0.0153
159,-0.54,0.53,0.0153
160,-0.54,0.48,0.0153
161,-0.40,0.39,0.0153
162,-0.40,0.29,0.0153
163,-0.18,0.18,0.0153
164,-0.18,0.07,0.0154
165,0.02,-0.02,0.0153
166,0.02,-0.09,0.0154
167,0.01,-0.01,0.0153
168,0.01,0.07,0.0154
169,-0.19,0.19,0.0152
170,-0.19,0.24,0.0153
171,-0.31,0.30,0.0152
172,-0.31,0.34,0.0153
173,-0.41,0.40,0.0152
174,-0.41,0.30,0.0153
175,-0.32,0.31,0.0152
176,-0.32,0.24,0.0153
177,-0.22,0.22,0.0152
178,-0.22,0.18,0.0153
179,-0.15,0.15,0.0153
180,-0.15,0.16,0.0153
181,-0.17,0.17,0.0153
182,-0.17,0.19,0.0153
183,-0.23,0.22,0.0152
184,-0.23,0.23,0.0153
185,-0.28,0.28,0.0152
186,-0.28,0.32,0.0153
187,-0.37,0.36,0.0152
188,-0.37,0.37,0.0153
189,-0.41,0.40,0.0153
190,-0.41,0.43,0.0153
191,-0.48,0.47,0.0153
192,-0.48,0.49,0.0154
193,-0.48,0.47,0.0153
194,-0.48,0.45,0.0153
195,-0.45,0.44,0.0153
196,-0.45,0.37,0.0153
197,-0.33,0.33,0.0153
198,-0.33,0.29,0.0153
199,-0.22,0.21,0.0153
200,-0.22,0.17,0.0153
201,-0.10,0.10,0.0153
202,-0.10,0.02,0.0153
203,0.02,-0.02,0.0153
204,0.02,-0.05,0.0154
205,0.06,-0.06,0.0153
206,0.06,-0.08,0.0154
207,0.12,-0.12,0.0153
208,0.12,-0.17,0.0154
209,0.22,-0.21,0.0153
210,0.22,-0.27,0.0153
211,0.33,-0.32,0.0153
212,0.33,-0.27,0.0154
213,0.17,-0.17,0.0153
214,0.17,-0.03,0.0154
215,-0.01,0.01,0.0153
216,-0.01,-0.01,0.0153
217,0.04,-0.04,0.0152
218,0.04,-0.14,0.0153
219,0.28,-0.28,0.0153
220,0.28,-0.34,0.0153
221,0.46,-0.45,0.0153
222,0.46,-0.53,0.0153
223,0.57,-0.56,0.0152
224,0.57,-0.60,0.0153
225,0.64,-0.63,0.0153
226,0.64,-0.61,0.0153
227,0.54,-0.53,0.0153
228,0.54,-0.40,0.0153
229,0.33,-0.32,0.0153
230,0.33,-0.20,0.0153
231,0.13,-0.13,0.0153
232,0.13,0.01,0.0153
233,-0.04,0.04,0.0153
234,-0.04,-0.08,0.0153
235,0.21,-0.21,0.0153
236,0.21,-0.34,0.0153
237,0.45,-0.44,0.0153
238,0.45,-0.56,0.0153
239,0.67,-0.66,0.0153
240,0.67,-0.70,0.0153
241,0.75,-0.74,0.0153
242,0.75,-0.65,0.0153
243,0.56,-0.55,0.0153
244,0.56,-0.36,0.0153
245,0.22,-0.21,0.0153
246,0.22,-0.01,0.0153
247,-0.13,0.13,0.0153
248,-0.13,0.28,0.0153
249,-0.30,0.30,0.0153
250,-0.30,0.16,0.0153
251,-0.02,0.02,0.0153
252,-0.02,-0.11,0.0153
253,0.24,-0.23,0.0153
254,0.24,-0.35,0.0153
255,0.47,-0.46,0.0153
256,0.47,-0.60,0.0153
257,0.72,-0.70,0.0153
258,0.72,-0.74,0.0153
259,0.50,-0.49,0.0153
260,0.50,-0.35,0.0153
261,0.08,-0.07,0.0153
262,0.08,0.08,0.0154
263,-0.27,0.27,0.0153
264,-0.27,0.33,0.0153
265,-0.27,0.26,0.0153
266,-0.27,0.15,0.0153
267,-0.08,0.08,0.0152
268,-0.08,-0.01,0.0153
269,0.07,-0.07,0.0153
270,0.07,-0.10,0.0153
271,0.20,-0.19,0.0153
272,0.20,-0.22,0.0153
273,0.27,-0.26,0.0153
274,0.27,-0.34,0.0153
275,0.39,-0.38,0.0153
276,0.39,-0.32,0.0153
277,0.03,-0.03,0.0153
278,0.03,0.04,0.0153
279,-0.12,0.12,0.0152
280,-0.12,0.12,0.0153
281,-0.04,0.04,0.0153
282,-0.04,0.05,0.0153
283,-0.04,0.04,0.0152
284,-0.04,0.04,0.0153
285,-0.06,0.06,0.0153
286,-0.06,0.06,0.0153
287,-0.04,0.04,0.0153
288,-0.04,0.04,0.0153
289,-0.03,0.03,0.0153
290,-0.03,0.07,0.0153
291,-0.11,0.11,0.0153
292,-0.11,0.15,0.0153
293,-0.23,0.22,0.0153
294,-0.23,0.26,0.0154
295,-0.33,0.33,0.0153
296,-0.33,0.39,0.0153
297,-0.48,0.47,0.0153
298,-0.48,0.54,0.0153
299,-0.62,0.61,0.0153
300,-0.62,0.68,0.0153
301,-0.79,0.78,0.0153
302,-0.79,0.75,0.0154
303,-0.72,0.70,0.0153
304,-0.72,0.70,0.0153
305,-0.55,0.54,0.0153
306,-0.55,0.37,0.0153
307,-0.18,0.18,0.0152
308,-0.18,-0.04,0.0154
309,0.12,-0.12,0.0153
310,0.12,-0.06,0.0153
311,-0.09,0.09,0.0153
312,-0.09,0.23,0.0153
313,-0.37,0.37,0.0153
314,-0.37,0.49,0.0153
315,-0.60,0.59,0.0153
316,-0.60,0.65,0.0153
317,-0.70,0.69,0.0153
318,-0.70,0.70,0.0153
319,-0.69,0.68,0.0153
320,-0.69,0.54,0.0153
321,-0.46,0.46,0.0152
322,-0.46,0.26,0.0153
323,-0.08,0.08,0.0153
324,-0.08,-0.03,0.0153
325,0.15,-0.15,0.0153
326,0.15,-0.08,0.0153
327,-0.02,0.02,0.0153
328,-0.02,0.17,0.0153
329,-0.29,0.28,0.0153
330,-0.29,0.37,0.0153
331,-0.57,0.56,0.0152
332,-0.57,0.52,0.0153
333,-0.57,0.56,0.0152
334,-0.57,0.49,0.0153
335,-0.40,0.39,0.0153
336,-0.40,0.36,0.0153
337,-0.24,0.24,0.0153
338,-0.24,0.14,0.0153
339,-0.08,0.08,0.0153
340,-0.08,-0.01,0.0154
341,-0.02,0.02,0.0153
342,-0.02,0.08,0.0153
343,-0.15,0.15,0.0153
344,-0.15,0.26,0.0153
345,-0.33,0.32,0.0153
346,-0.33,0.40,0.0153
347,-0.45,0.44,0.0153
348,-0.45,0.47,0.0153
349,-0.53,0.52,0.0153
350,-0.53,0.54,0.0153
351,-0.55,0.54,0.0153
352,-0.55,0.45,0.0154
353,-0.40,0.39,0.0153
354,-0.40,0.29,0.0154
355,-0.14,0.14,0.0153
356,-0.14,0.04,0.0153
357,0.04,-0.04,0.0152
358,0.04,-0.07,0.0153
359,-0.00,0.00,0.0153
360,-0.00,0.03,0.0152
361,-0.07,0.07,0.0153
362,-0.07,0.09,0.0153
363,-0.13,0.12,0.0153
364,-0.13,0.14,0.0153
365,-0.12,0.12,0.0153
366,-0.12,0.15,0.0153
367,-0.15,0.15,0.0153
368,-0.15,0.14,0.0153
369,-0.13,0.12,0.0152
370,-0.13,0.11,0.0153
371,-0.08,0.08,0.0153
372,-0.08,0.06,0.0153
373,-0.03,0.02,0.0153
374,-0.03,-0.01,0.0153
375,0.05,-0.04,0.0153
376,0.05,-0.10,0.0154
377,0.15,-0.15,0.0153
378,0.15,-0.20,0.0154
379,0.28,-0.27,0.0153
380,0.28,-0.36,0.0154
381,0.46,-0.46,0.0153
382,0.46,-0.50,0.0153
383,0.44,-0.44,0.0153
384,0.44,-0.53,0.0154
385,0.43,-0.43,0.0153
386,0.43,-0.30,0.0153
387,0.18,-0.18,0.0153
388,0.18,-0.13,0.0154
389,-0.00,0.00,0.0153
390,-0.00,0.02,0.0152
391,0.05,-0.05,0.0153
392,0.05,-0.15,0.0154
393,0.25,-0.25,0.0153
394,0.25,-0.38,0.0153
395,0.50,-0.49,0.0153
396,0.50,-0.59,0.0153
397,0.67,-0.66,0.0153
398,0.67,-0.70,0.0154
399,0.73,-0.72,0.0153
400,0.73,-0.62,0.0153
401,0.55,-0.54,0.0153
402,0.55,-0.38,0.0153
403,0.28,-0.27,0.0152
404,0.28,-0.09,0.0153
405,-0.06,0.06,0.0153
406,-0.06,0.19,0.0153
407,-0.21,0.20,0.0153
408,-0.21,0.08,0.0153
409,0.06,-0.06,0.0152
410,0.06,-0.21,0.0153
411,0.35,-0.34,0.0153
412,0.35,-0.47,0.0153
413,0.62,-0.61,0.0153
414,0.62,-0.59,0.0153
415,0.45,-0.44,0.0153
416,0.45,-0.46,0.0154
417,0.32,-0.31,0.0153
418,0.32,-0.20,0.0153
419,0.07,-0.07,0.0153
420,0.07,0.03,0.0153
421,-0.06,0.06,0.0152
422,-0.06,-0.05,0.0153
423,0.20,-0.19,0.0153
424,0.20,-0.29,0.0153
425,0.43,-0.42,0.0153
426,0.43,-0.53,0.0153
427,0.56,-0.55,0.0153
428,0.56,-0.58,0.0154
429,0.58,-0.57,0.0153
430,0.58,-0.53,0.0153
431,0.40,-0.39,0.0153
432,0.40,-0.26,0.0154
433,0.15,-0.15,0.0153
434,0.15,-0.05,0.0154
435,-0.08,0.08,0.0153
436,-0.08,0.13,0.0153
437,-0.08,0.08,0.0153
438,-0.08,-0.04,0.0154
439,0.11,-0.11,0.0153
440,0.11,-0.17,0.0153
441,0.24,-0.23,0.0153
442,0.24,-0.32,0.0154
443,0.39,-0.38,0.0153
444,0.39,-0.42,0.0154
445,0.47,-0.47,0.0153
446,0.47,-0.50,0.0154
447,0.51,-0.50,0.0153
448,0.51,-0.49,0.0153
449,0.47,-0.46,0.0153
450,0.47,-0.32,0.0153
451,0.25,-0.25,0.0153
452,0.25,-0.12,0.0153
453,-0.00,0.00,0.0153
454,-0.00,0.06,0.0152
455,-0.05,0.04,0.0152
456,-0.05,-0.05,0.0153
457,0.08,-0.08,0.0153
458,0.08,-0.13,0.0154
459,0.17,-0.17,0.0153
460,0.17,-0.22,0.0153
461,0.26,-0.25,0.0153
462,0.26,-0.28,0.0153
463,0.32,-0.32,0.0153
464,0.32,-0.32,0.0153
465,0.31,-0.30,0.0152
466,0.31,-0.24,0.0153
467,0.19,-0.19,0.0152
468,0.19,-0.13,0.0153
469,0.11,-0.11,0.0153
470,0.11,-0.06,0.0153
471,0.03,-0.03,0.0153
472,0.03,-0.04,0.0153
473,0.02,-0.02,0.0153
474,0.02,-0.03,0.0153
475,0.00,-0.00,0.0153
476,0.00,0.01,0.0152
477,-0.04,0.04,0.0152
478,-0.04,0.08,0.0153
479,-0.11,0.11,0.0153
480,-0.11,0.15,0.0153
481,-0.20,0.20,0.0153
482,-0.20,0.27,0.0153
483,-0.34,0.33,0.0153
484,-0.34,0.38,0.0153
485,-0.39,0.38,0.0153
486,-0.39,0.26,0.0153
487,-0.08,0.08,0.0152
488,-0.08,0.02,0.0153
489,-0.01,0.01,0.0153
490,-0.01,-0.05,0.0153
491,0.03,-0.03,0.0153
492,0.03,0.07,0.0153
493,-0.12,0.12,0.0152
494,-0.12,0.19,0.0153
495,-0.25,0.25,0.0153
496,-0.25,0.32,0.0153
497,-0.42,0.41,0.0153
498,-0.42,0.45,0.0153
499,-0.55,0.54,0.0152
500,-0.55,0.60,0.0153
501,-0.64,0.63,0.0153
502,-0.64,0.61,0.0153
503,-0.54,0.53,0.0153
504,-0.54,0.46,0.0153
505,-0.33,0.32,0.0153
506,-0.33,0.18,0.0153
507,-0.04,0.04,0.0152
508,-0.04,-0.06,0.0153
509,0.10,-0.10,0.0153
510,0.10,-0.00,0.0154
511,-0.08,0.08,0.0152
512,-0.08,0.14,0.0153
513,-0.19,0.19,0.0153
514,-0.19,0.25,0.0153
515,-0.31,0.30,0.0153
516,-0.31,0.33,0.0153
517,-0.40,0.39,0.0153
518,-0.40,0.43,0.0153
519,-0.51,0.50,0.0153
520,-0.51,0.53,0.0154
521,-0.60,0.59,0.0153
522,-0.60,0.63,0.0154
523,-0.65,0.63,0.0153
524,-0.65,0.54,0.0153
525,-0.46,0.45,0.0152
526,-0.46,0.32,0.0153
527,-0.20,0.20,0.0153
528,-0.20,0.04,0.0153
529,0.08,-0.08,0.0152
530,0.08,-0.12,0.0153
531,0.07,-0.07,0.0153
532,0.07,-0.03,0.0153
533,-0.04,0.04,0.0153
534,-0.04,0.06,0.0153
535,-0.09,0.09,0.0153
536,-0.09,0.10,0.0153
537,-0.10,0.10,0.0152
538,-0.10,0.10,0.0153
539,-0.14,0.13,0.0152
540,-0.14,0.15,0.0153
541,-0.15,0.15,0.0152
542,-0.15,0.17,0.0153
543,-0.14,0.14,0.0153
544,-0.14,0.16,0.0153
545,-0.17,0.17,0.0153
546,-0.17,0.15,0.0153
547,-0.14,0.14,0.0153
548,-0.14,0.12,0.0153
549,-0.10,0.10,0.0153
550,-0.10,0.09,0.0153
551,-0.06,0.06,0.0153
552,-0.06,0.03,0.0153
553,0.01,-0.01,0.0153
554,0.01,-0.04,0.0152
555,0.07,-0.07,0.0153
556,0.07,-0.12,0.0154
557,0.16,-0.15,0.0153
558,0.16,-0.20,0.0154
559,0.27,-0.26,0.0153
560,0.27,-0.31,0.0153
561,0.34,-0.33,0.0153
562,0.34,-0.21,0.0153
563,0.06,-0.05,0.0152
564,0.06,0.08,0.0154
565,-0.10,0.10,0.0153
566,-0.10,0.07,0.0153
567,0.03,-0.03,0.0153
568,0.03,-0.11,0.0153
569,0.21,-0.20,0.0153
570,0.21,-0.26,0.0153
571,0.29,-0.29,0.0153
572,0.29,-0.32,0.0153
573,0.34,-0.33,0.0153
574,0.34,-0.34,0.0153
575,0.35,-0.34,0.0152
576,0.35,-0.32,0.0153
577,0.33,-0.32,0.0153
578,0.33,-0.26,0.0153
579,0.29,-0.28,0.0153
580,0.29,-0.26,0.0153
581,0.25,-0.25,0.0153
582,0.25,-0.26,0.0153
583,0.24,-0.23,0.0153
584,0.24,-0.21,0.0153
585,0.21,-0.21,0.0153
586,0.21,-0.20,0.0153
587,0.18,-0.18,0.0153
588,0.18,-0.20,0.0153
589,0.24,-0.24,0.0153
590,0.24,-0.29,0.0153
591,0.35,-0.34,0.0153
592,0.35,-0.40,0.0154
593,0.48,-0.47,0.0153
594,0.48,-0.54,0.0154
595,0.55,-0.54,0.0153
596,0.55,-0.56,0.0154
597,0.54,-0.53,0.0153
598,0.54,-0.41,0.0153
599,0.32,-0.31,0.0153
600,0.32,-0.18,0.0153
601,0.09,-0.08,0.0153
602,0.09,-0.02,0.0153
603,-0.08,0.08,0.0153
604,-0.08,0.12,0.0154
605,-0.01,0.01,0.0153
606,-0.01,-0.09,0.0152
607,0.16,-0.15,0.0153
608,0.16,-0.27,0.0153
609,0.32,-0.31,0.0153
610,0.32,-0.36,0.0153
611,0.44,-0.43,0.0153
612,0.44,-0.45,0.0153
613,0.49,-0.48,0.0153
614,0.49,-0.47,0.0153
615,0.51,-0.50,0.0153
616,0.51,-0.51,0.0153
617,0.47,-0.46,0.0152
618,0.47,-0.39,0.0153
619,0.32,-0.31,0.0153
620,0.32,-0.20,0.0153
621,0.12,-0.11,0.0153
622,0.12,-0.01,0.0153
623,-0.07,0.07,0.0151
624,-0.07,-0.00,0.0153
625,0.04,-0.04,0.0151
626,0.04,-0.03,0.0154
627,0.06,-0.06,0.0153
628,0.06,-0.04,0.0154
629,0.07,-0.07,0.0153
630,0.07,-0.06,0.0154
631,0.06,-0.06,0.0153
632,0.06,-0.04,0.0154
633,0.01,-0.01,0.0153
634,0.01,0.01,0.0154
635,-0.04,0.04,0.0152
636,-0.04,0.07,0.0153
637,-0.13,0.12,0.0153
638,-0.13,0.18,0.0153
639,-0.25,0.24,0.0153
640,-0.25,0.29,0.0153
641,-0.37,0.37,0.0153
642,-0.37,0.42,0.0153
643,-0.48,0.47,0.0153
644,-0.48,0.25,0.0153
645,-0.27,0.27,0.0153
646,-0.27,0.02,0.0153
647,0.13,-0.13,0.0152
648,0.13,-0.14,0.0153
649,0.10,-0.10,0.0153
650,0.10,0.02,0.0153
651,-0.15,0.14,0.0152
652,-0.15,0.21,0.0153
653,-0.32,0.31,0.0152
654,-0.32,0.38,0.0153
655,-0.44,0.43,0.0153
656,-0.44,0.44,0.0153
657,-0.50,0.49,0.0152
658,-0.50,0.43,0.0153
659,-0.44,0.43,0.0152
660,-0.44,0.38,0.0153
661,-0.32,0.31,0.0153
662,-0.32,0.26,0.0153
663,-0.16,0.16,0.0153
664,-0.16,0.10,0.0153
665,-0.07,0.07,0.0153
666,-0.07,0.06,0.0154
667,-0.03,0.03,0.0153
668,-0.03,0.10,0.0153
669,-0.14,0.13,0.0153
670,-0.14,0.18,0.0153
671,-0.24,0.24,0.0153
672,-0.24,0.29,0.0153
673,-0.33,0.32,0.0153
674,-0.33,0.38,0.0153
675,-0.39,0.38,0.0153
676,-0.39,0.40,0.0153
677,-0.43,0.42,0.0153
678,-0.43,0.47,0.0153
679,-0.49,0.48,0.0153
680,-0.49,0.48,0.0153
681,-0.45,0.44,0.0153
682,-0.45,0.41,0.0153
683,-0.38,0.37,0.0153
684,-0.38,0.29,0.0153
685,-0.16,0.16,0.0153
686,-0.16,0.10,0.0153
687,-0.01,0.01,0.0153
688,-0.01,-0.02,0.0153
689,0.02,-0.02,0.0153
690,0.02,-0.00,0.0153
691,-0.01,0.01,0.0151
692,-0.01,0.00,0.0152
693,0.01,-0.01,0.0152
694,0.01,-0.02,0.0153
695,0.06,-0.06,0.0153
696,0.06,-0.08,0.0153
697,0.13,-0.13,0.0153
698,0.13,-0.17,0.0153
699,0.24,-0.23,0.0153
700,0.24,-0.29,0.0154
701,0.36,-0.36,0.0153
702,0.36,-0.37,0.0153
703,0.21,-0.21,0.0153
704,0.21,-0.15,0.0154
705,0.06,-0.06,0.0153
706,0.06,0.04,0.0154
707,-0.04,0.04,0.0153
708,-0.04,-0.07,0.0153
709,0.19,-0.19,0.0153
710,0.19,-0.27,0.0153
711,0.29,-0.28,0.0153
712,0.29,-0.36,0.0154
713,0.47,-0.46,0.0153
714,0.47,-0.51,0.0154
715,0.60,-0.59,0.0153
716,0.60,-0.63,0.0154
717,0.65,-0.64,0.0153
718,0.65,-0.59,0.0154
719,0.51,-0.50,0.0153
720,0.51,-0.37,0.0153
721,0.19,-0.19,0.0153
722,0.19,-0.06,0.0154
723,-0.06,0.06,0.0153
724,-0.06,0.12,0.0153
725,-0.02,0.02,0.0153
726,-0.02,-0.13,0.0153
727,0.28,-0.27,0.0153
728,0.28,-0.38,0.0154
729,0.45,-0.44,0.0153
730,0.45,-0.55,0.0153
731,0.60,-0.59,0.0153
732,0.60,-0.65,0.0153
733,0.63,-0.62,0.0153
734,0.63,-0.54,0.0153
735,0.47,-0.46,0.0153
736,0.47,-0.29,0.0153
737,0.16,-0.16,0.0153
738,0.16,-0.01,0.0153
739,-0.09,0.09,0.0151
740,-0.09,0.06,0.0153
741,0.09,-0.09,0.0153
742,0.09,-0.21,0.0153
743,0.32,-0.31,0.0153
744,0.32,-0.44,0.0153
745,0.56,-0.55,0.0153
746,0.56,-0.62,0.0153
747,0.68,-0.66,0.0153
748,0.68,-0.66,0.0153
749,0.67,-0.65,0.0153
750,0.67,-0.53,0.0154
751,0.38,-0.37,0.0153
752,0.38,-0.24,0.0153
753,0.08,-0.08,0.0153
754,0.08,0.10,0.0153
755,-0.20,0.19,0.0152
756,-0.20,0.16,0.0153
757,-0.06,0.06,0.0153
758,-0.06,-0.04,0.0154
759,0.14,-0.14,0.0153
760,0.14,-0.22,0.0153
761,0.31,-0.30,0.0153
762,0.31,-0.41,0.0153
763,0.31,-0.31,0.0153
764,0.31,-0.29,0.0154
765,0.25,-0.24,0.0153
766,0.25,-0.22,0.0154
767,0.19,-0.19,0.0153
768,0.19,-0.13,0.0154
769,0.09,-0.09,0.0153
770,0.09,-0.09,0.0154
771,0.11,-0.11,0.0153
772,0.11,-0.15,0.0153
773,0.17,-0.17,0.0153
774,0.17,-0.23,0.0154
775,0.29,-0.28,0.0153
776,0.29,-0.33,0.0154
777,0.36,-0.35,0.0153
778,0.36,-0.39,0.0153
779,0.43,-0.42,0.0153
780,0.43,-0.47,0.0153
781,0.49,-0.48,0.0153
782,0.49,-0.49,0.0153
783,0.52,-0.51,0.0153
784,0.52,-0.51,0.0153
785,0.48,-0.47,0.0152
786,0.48,-0.41,0.0153
787,0.39,-0.38,0.0153
788,0.39,-0.29,0.0153
789,0.17,-0.17,0.0152
790,0.17,-0.06,0.0153
791,-0.04,0.04,0.0153
792,-0.04,0.08,0.0153
793,-0.10,0.09,0.0153
794,-0.10,0.15,0.0153
795,-0.20,0.20,0.0153
796,-0.20,0.27,0.0153
797,-0.36,0.35,0.0152
798,-0.36,0.45,0.0153
799,-0.45,0.44,0.0152
800,-0.45,0.26,0.0153
801,-0.20,0.19,0.0153
802,-0.20,0.03,0.0153
803,0.02,-0.02,0.0152
804,0.02,-0.06,0.0153
805,-0.03,0.02,0.0153
806,-0.03,0.20,0.0153
807,-0.33,0.33,0.0153
808,-0.33,0.46,0.0153
809,-0.53,0.52,0.0152
810,-0.53,0.61,0.0153
811,-0.62,0.61,0.0153
812,-0.62,0.64,0.0153
813,-0.56,0.54,0.0153
814,-0.56,0.51,0.0153
815,-0.44,0.43,0.0153
816,-0.44,0.31,0.0153
817,-0.18,0.18,0.0152
818,-0.18,0.11,0.0153
819,-0.03,0.03,0.0153
820,-0.03,-0.03,0.0154
821,0.01,-0.01,0.0153
822,0.01,0.13,0.0152
823,-0.34,0.33,0.0152
824,-0.34,0.48,0.0153
825,-0.65,0.63,0.0153
826,-0.65,0.77,0.0153
827,-0.85,0.84,0.0153
828,-0.85,0.88,0.0153
829,-0.87,0.85,0.0153
830,-0.87,0.78,0.0153
831,-0.64,0.63,0.0153
832,-0.64,0.48,0.0153
833,-0.22,0.22,0.0153
834,-0.22,0.04,0.0153
835,0.12,-0.11,0.0153
836,0.12,-0.29,0.0153
837,0.30,-0.29,0.0153
838,0.30,-0.13,0.0153
839,-0.12,0.12,0.0152
840,-0.12,0.31,0.0153
841,-0.54,0.53,0.0152
842,-0.54,0.75,0.0153
843,-0.92,0.90,0.0153
844,-0.92,0.93,0.0153
845,-1.03,1.01,0.0153
846,-1.03,0.88,0.0153
847,-0.70,0.68,0.0153
848,-0.70,0.35,0.0154
849,-0.11,0.11,0.0153
850,-0.11,-0.11,0.0153
851,0.37,-0.36,0.0153
852,0.37,-0.44,0.0153
853,0.40,-0.39,0.0153
854,0.40,-0.20,0.0153
855,0.03,-0.03,0.0153
856,0.03,0.15,0.0154
857,-0.40,0.39,0.0153
858,-0.40,0.51,0.0153
859,-0.67,0.66,0.0153
860,-0.67,0.83,0.0153
861,-0.71,0.69,0.0153
862,-0.71,0.73,0.0153
863,-0.45,0.44,0.0153
864,-0.45,0.27,0.0153
865,-0.00,0.00,0.0153
866,-0.00,-0.17,0.0152
867,0.29,-0.28,0.0153
868,0.29,-0.25,0.0153
869,0.15,-0.15,0.0153
870,0.15,-0.02,0.0153
871,-0.12,0.12,0.0153
872,-0.12,0.22,0.0153
873,-0.35,0.34,0.0152
874,-0.35,0.45,0.0153
875,-0.56,0.55,0.0152
876,-0.56,0.59,0.0153
877,-0.52,0.51,0.0153
878,-0.52,0.38,0.0153
879,-0.23,0.23,0.0152
880,-0.23,0.13,0.0153
881,0.06,-0.06,0.0152
882,0.06,-0.16,0.0153
883,0.13,-0.13,0.0153
884,0.13,-0.04,0.0153
885,-0.02,0.02,0.0153
886,-0.02,0.09,0.0153
887,-0.12,0.11,0.0153
888,-0.12,0.17,0.0153
889,-0.18,0.18,0.0153
890,-0.18,0.18,0.0153
891,-0.12,0.11,0.0153
892,-0.12,0.15,0.0153
893,-0.08,0.08,0.0153
894,-0.08,0.10,0.0153
895,-0.07,0.07,0.0153
896,-0.07,0.06,0.0153
897,-0.04,0.04,0.0153
898,-0.04,-0.01,0.0154
899,0.04,-0.04,0.0152
900,0.04,-0.11,0.0154
901,0.16,-0.16,0.0153
902,0.16,-0.20,0.0153
903,0.29,-0.29,0.0153
904,0.29,-0.38,0.0153
905,0.48,-0.47,0.0153
906,0.48,-0.43,0.0153
907,0.49,-0.48,0.0153
908,0.49,-0.51,0.0153
909,0.45,-0.44,0.0153
910,0.45,-0.21,0.0153
911,0.09,-0.09,0.0153
912,0.09,0.02,0.0153
913,-0.07,0.07,0.0153
914,-0.07,-0.01,0.0153
915,0.14,-0.14,0.0153
916,0.14,-0.30,0.0153
917,0.44,-0.43,0.0153
918,0.44,-0.56,0.0153
919,0.66,-0.65,0.0153
920,0.66,-0.71,0.0153
921,0.75,-0.73,0.0152
922,0.75,-0.74,0.0153
923,0.67,-0.65,0.0153
924,0.67,-0.52,0.0153
925,0.41,-0.40,0.0153
926,0.41,-0.20,0.0153
927,0.08,-0.08,0.0153
928,0.08,0.07,0.0153
929,-0.07,0.07,0.0152
930,-0.07,-0.02,0.0153
931,0.23,-0.22,0.0153
932,0.23,-0.35,0.0153
933,0.56,-0.55,0.0153
934,0.56,-0.71,0.0153
935,0.86,-0.85,0.0153
936,0.86,-0.94,0.0154
937,0.92,-0.90,0.0153
938,0.92,-0.88,0.0153
939,0.71,-0.70,0.0153
940,0.71,-0.49,0.0153
941,0.32,-0.31,0.0153
942,0.32,-0.10,0.0153
943,-0.12,0.12,0.0153
944,-0.12,0.25,0.0153
945,-0.33,0.33,0.0153
946,-0.33,0.27,0.0152
947,-0.07,0.06,0.0153
948,-0.07,-0.19,0.0153
949,0.42,-0.41,0.0153
950,0.42,-0.65,0.0153
951,0.89,-0.87,0.0153
952,0.89,-1.12,0.0153
953,1.11,-1.08,0.0153
954,1.11,-1.00,0.0153
955,0.78,-0.76,0.0153
956,0.78,-0.46,0.0153
957,0.18,-0.17,0.0153
958,0.18,0.18,0.0153
959,-0.41,0.41,0.0152
960,-0.41,0.57,0.0153
961,-0.63,0.62,0.0153
962,-0.63,0.54,0.0153
963,-0.25,0.25,0.0152
964,-0.25,-0.13,0.0153
965,0.47,-0.46,0.0153
966,0.47,-0.68,0.0153
967,0.89,-0.87,0.0153
968,0.89,-1.05,0.0153
969,1.08,-1.06,0.0153
970,1.08,-0.72,0.0153
971,0.61,-0.60,0.0153
972,0.61,-0.20,0.0153
973,-0.10,0.10,0.0153
974,-0.10,0.41,0.0153
975,-0.71,0.69,0.0153
976,-0.71,0.82,0.0154
977,-0.74,0.72,0.0153
978,-0.74,0.54,0.0153
979,-0.29,0.28,0.0153
980,-0.29,-0.11,0.0154
981,0.44,-0.43,0.0153
982,0.44,-0.62,0.0154
983,0.75,-0.73,0.0153
984,0.75,-0.79,0.0153
985,0.60,-0.58,0.0153
986,0.60,-0.42,0.0154
987,0.12,-0.12,0.0153
988,0.12,0.13,0.0153
989,-0.42,0.41,0.0152
990,-0.42,0.62,0.0153
991,-0.70,0.68,0.0153
992,-0.70,0.45,0.0153
993,-0.33,0.32,0.0153
994,-0.33,0.24,0.0153
995,0.16,-0.16,0.0153
996,0.16,-0.35,0.0153
997,0.43,-0.42,0.0153
998,0.43,-0.44,0.0153
999,0.40,-0.40,0.0153
1000,0.40,-0.35,0.0153
1001,-0.04,0.04,0.0153
1002,-0.04,0.24,0.0153
1003,-0.36,0.35,0.0153
1004,-0.36,0.35,0.0154
1005,-0.43,0.43,0.0153
1006,-0.43,0.50,0.0154
1007,-0.45,0.44,0.0153
1008,-0.45,0.20,0.0154
1009,-0.15,0.15,0.0153
1010,-0.15,-0.10,0.0154
1011,0.28,-0.27,0.0153
1012,0.28,-0.23,0.0154
1013,0.11,-0.10,0.0153
1014,0.11,-0.01,0.0154
1015,-0.13,0.13,0.0152
1016,-0.13,0.24,0.0154
1017,-0.38,0.38,0.0153
1018,-0.38,0.49,0.0154
1019,-0.64,0.63,0.0153
1020,-0.64,0.81,0.0154
1021,-0.55,0.54,0.0153
1022,-0.55,0.42,0.0154
1023,-0.33,0.33,0.0153
1024,-0.33,0.13,0.0154
1025,-0.06,0.06,0.0153
1026,-0.06,-0.06,0.0154
1027,0.05,-0.05,0.0153
1028,0.05,0.09,0.0154
1029,-0.28,0.28,0.0153
1030,-0.28,0.46,0.0154
1031,-0.65,0.64,0.0153
1032,-0.65,0.83,0.0154
1033,-0.99,0.97,0.0153
1034,-0.99,1.06,0.0154
1035,-1.08,1.06,0.0153
1036,-1.08,0.99,0.0154
1037,-0.84,0.83,0.0153
1038,-0.84,0.68,0.0154
1039,-0.43,0.42,0.0153
1040,-0.43,0.25,0.0154
1041,-0.01,0.01,0.0153
1042,-0.01,-0.19,0.0154
1043,0.36,-0.35,0.0153
1044,0.36,-0.29,0.0154
1045,0.11,-0.10,0.0153
1046,0.11,0.21,0.0154
1047,-0.46,0.45,0.0153
1048,-0.46,0.69,0.0154
1049,-0.98,0.96,0.0153
1050,-0.98,1.03,0.0154
1051,-0.98,0.96,0.0153
1052,-0.98,0.88,0.0154
1053,-0.71,0.69,0.0153
1054,-0.71,0.57,0.0154
1055,-0.33,0.33,0.0153
1056,-0.33,0.18,0.0154
1057,-0.02,0.02,0.0153
1058,-0.02,-0.16,0.0154
1059,0.19,-0.19,0.0153
1060,0.19,-0.12,0.0154
1061,-0.12,0.12,0.0153
1062,-0.12,0.46,0.0154
1063,-0.75,0.74,0.0153
1064,-0.75,0.96,0.0154
1065,-1.11,1.09,0.0153
1066,-1.11,1.19,0.0154
1067,-1.22,1.20,0.0153
1068,-1.22,1.10,0.0154
1069,-0.97,0.95,0.0153
1070,-0.97,0.68,0.0154
1071,-0.46,0.45,0.0153
1072,-0.46,0.13,0.0154
1073,0.29,-0.29,0.0153
1074,0.29,-0.52,0.0154
1075,0.67,-0.66,0.0153
1076,0.67,-0.65,0.0154
1077,0.40,-0.39,0.0153
1078,0.40,-0.03,0.0154
1079,-0.30,0.29,0.0153
1080,-0.30,0.64,0.0154
1081,-0.95,0.93,0.0153
1082,-0.95,1.20,0.0154
1083,-1.50,1.47,0.0153
1084,-1.50,1.56,0.0154
1085,-1.33,1.30,0.0153
1086,-1.33,0.96,0.0154
1087,-0.58,0.57,0.0153
1088,-0.58,0.15,0.0154
1089,0.23,-0.22,0.0153
1090,0.23,-0.66,0.0154
1091,0.99,-0.97,0.0153
1092,0.99,-1.19,0.0154
1093,1.10,-1.08,0.0153
1094,1.10,-0.66,0.0154
1095,0.28,-0.27,0.0153
1096,0.28,0.20,0.0154
1097,-0.66,0.65,0.0153
1098,-0.66,0.99,0.0154
1099,-1.31,1.29,0.0153
1100,-1.31,1.59,0.0154
1101,-1.34,1.31,0.0153
1102,-1.34,1.07,0.0153
1103,-0.82,0.80,0.0153
1104,-0.82,0.32,0.0153
1105,0.03,-0.03,0.0153
1106,0.03,-0.52,0.0154
1107,0.89,-0.87,0.0153
1108,0.89,-1.04,0.0154
1109,1.14,-1.11,0.0153
1110,1.14,-0.78,0.0154
1111,0.38,-0.37,0.0153
1112,0.38,0.03,0.0154
1113,-0.43,0.42,0.0153
1114,-0.43,0.62,0.0154
1115,-0.76,0.74,0.0153
1116,-0.76,0.91,0.0154
1117,-0.81,0.79,0.0153
1118,-0.81,0.49,0.0154
1119,-0.29,0.29,0.0153
1120,-0.29,-0.10,0.0154
1121,0.38,-0.38,0.0153
1122,0.38,-0.51,0.0154
1123,0.51,-0.50,0.0153
1124,0.51,-0.54,0.0154
1125,0.60,-0.59,0.0153
1126,0.60,-0.52,0.0154
1127,0.17,-0.17,0.0153
1128,0.17,0.00,0.0154
1129,-0.18,0.18,0.0152
1130,-0.18,0.23,0.0154
1131,-0.11,0.11,0.0153
1132,-0.11,-0.02,0.0154
1133,0.18,-0.18,0.0153
1134,0.18,-0.32,0.0154
1135,0.48,-0.47,0.0153
1136,0.48,-0.57,0.0154
1137,0.60,-0.59,0.0153
1138,0.60,-0.66,0.0154
1139,0.64,-0.63,0.0153
1140,0.64,-0.59,0.0154
1141,0.59,-0.58,0.0153
1142,0.59,-0.46,0.0154
1143,0.42,-0.41,0.0153
1144,0.42,-0.31,0.0154
1145,0.23,-0.23,0.0153
1146,0.23,-0.15,0.0154
1147,0.07,-0.07,0.0153
1148,0.07,-0.07,0.0154
1149,0.09,-0.09,0.0153
1150,0.09,-0.16,0.0154
1151,0.32,-0.31,0.0153
1152,0.32,-0.43,0.0154
1153,0.56,-0.55,0.0153
1154,0.56,-0.70,0.0154
1155,0.79,-0.78,0.0153
1156,0.79,-0.86,0.0154
1157,0.86,-0.84,0.0153
1158,0.86,-0.82,0.0154
1159,0.71,-0.70,0.0153
1160,0.71,-0.56,0.0154
1161,0.50,-0.49,0.0153
1162,0.50,-0.32,0.0154
1163,0.16,-0.16,0.0153
1164,0.16,0.00,0.0154
1165,-0.12,0.11,0.0152
1166,-0.12,0.08,0.0154
1167,0.11,-0.11,0.0153
1168,0.11,-0.35,0.0154
1169,0.67,-0.65,0.0153
1170,0.67,-0.88,0.0154
1171,1.11,-1.09,0.0153
1172,1.11,-1.19,0.0154
1173,1.27,-1.25,0.0153
1174,1.27,-1.22,0.0154
1175,1.16,-1.14,0.0153
1176,1.16,-0.93,0.0154
1177,0.69,-0.67,0.0153
1178,0.69,-0.29,0.0154
1179,0.01,-0.01,0.0153
1180,0.01,0.34,0.0152
1181,-0.63,0.62,0.0153
1182,-0.63,0.81,0.0154
1183,-0.90,0.89,0.0153
1184,-0.90,0.72,0.0154
1185,-0.15,0.15,0.0153
1186,-0.15,-0.33,0.0154
1187,0.77,-0.75,0.0153
1188,0.77,-1.13,0.0154
1189,1.46,-1.44,0.0153
1190,1.46,-1.83,0.0154
1191,1.70,-1.67,0.0153
1192,1.70,-1.47,0.0154
1193,1.03,-1.01,0.0153
1194,1.03,-0.58,0.0154
1195,0.14,-0.14,0.0153
1196,0.14,0.46,0.0154
1197,-0.92,0.90,0.0153
1198,-0.92,1.21,0.0154
1199,-1.06,1.04,0.0153
1200,-1.06,0.85,0.0153
1201,-0.34,0.33,0.0153
1202,-0.34,-0.21,0.0154
1203,0.73,-0.71,0.0153
1204,0.73,-1.10,0.0154
1205,1.44,-1.42,0.0153
1206,1.44,-1.48,0.0154
1207,1.43,-1.41,0.0153
1208,1.43,-1.14,0.0154
1209,0.81,-0.80,0.0153
1210,0.81,-0.23,0.0154
1211,-0.23,0.23,0.0153
1212,-0.23,0.83,0.0154
1213,-1.32,1.29,0.0153
1214,-1.32,1.54,0.0154
1215,-1.57,1.54,0.0153
1216,-1.57,1.09,0.0154
1217,-0.59,0.58,0.0153
1218,-0.59,-0.05,0.0154
1219,0.56,-0.55,0.0153
1220,0.56,-0.94,0.0154
1221,1.19,-1.17,0.0153
1222,1.19,-1.36,0.0154
1223,1.21,-1.18,0.0153
1224,1.21,-0.95,0.0154
1225,0.72,-0.70,0.0153
1226,0.72,-0.26,0.0154
1227,-0.18,0.18,0.0153
1228,-0.18,0.69,0.0154
1229,-1.07,1.04,0.0153
1230,-1.07,1.33,0.0154
1231,-1.48,1.45,0.0153
1232,-1.48,1.14,0.0154
1233,-0.84,0.82,0.0153
1234,-0.84,0.40,0.0153
1235,0.16,-0.16,0.0153
1236,0.16,-0.52,0.0154
1237,0.84,-0.83,0.0153
1238,0.84,-1.01,0.0154
1239,1.08,-1.06,0.0153
1240,1.08,-0.80,0.0154
1241,0.45,-0.44,0.0153
1242,0.45,0.05,0.0154
1243,-0.46,0.45,0.0153
1244,-0.46,0.72,0.0154
1245,-0.80,0.78,0.0153
1246,-0.80,0.78,0.0154
1247,-0.83,0.82,0.0153
1248,-0.83,0.52,0.0153
1249,-0.20,0.19,0.0153
1250,-0.20,0.02,0.0154
1251,0.21,-0.21,0.0153
1252,0.21,-0.34,0.0154
1253,0.35,-0.34,0.0153
1254,0.35,-0.24,0.0154
1255,0.13,-0.12,0.0153
1256,0.13,-0.01,0.0154
1257,-0.09,0.08,0.0153
1258,-0.09,0.21,0.0154
1259,-0.30,0.29,0.0153
1260,-0.30,0.40,0.0154
1261,-0.56,0.55,0.0153
1262,-0.56,0.67,0.0154
1263,-0.75,0.73,0.0153
1264,-0.75,0.49,0.0154
1265,-0.29,0.29,0.0153
1266,-0.29,0.15,0.0154
1267,0.06,-0.05,0.0153
1268,0.06,-0.13,0.0154
1269,0.03,-0.03,0.0153
1270,0.03,0.21,0.0154
1271,-0.41,0.40,0.0153
1272,-0.41,0.51,0.0154
1273,-0.68,0.66,0.0153
1274,-0.68,0.76,0.0154
1275,-0.86,0.84,0.0153
1276,-0.86,0.85,0.0154
1277,-0.79,0.77,0.0153
1278,-0.79,0.74,0.0154
1279,-0.58,0.57,0.0153
1280,-0.58,0.40,0.0154
1281,-0.23,0.22,0.0153
1282,-0.23,0.05,0.0154
1283,0.11,-0.11,0.0153
1284,0.11,-0.19,0.0154
1285,0.09,-0.08,0.0153
1286,0.09,0.15,0.0154
1287,-0.41,0.40,0.0153
1288,-0.41,0.63,0.0154
1289,-0.83,0.81,0.0153
1290,-0.83,0.99,0.0154
1291,-1.01,0.99,0.0153
1292,-1.01,1.08,0.0154
1293,-0.97,0.95,0.0153
1294,-0.97,0.83,0.0154
1295,-0.67,0.66,0.0153
1296,-0.67,0.43,0.0154
1297,-0.19,0.19,0.0153
1298,-0.19,-0.03,0.0154
1299,0.18,-0.18,0.0153
1300,0.18,-0.20,0.0154
1301,0.09,-0.09,0.0153
1302,0.09,0.18,0.0154
1303,-0.51,0.50,0.0153
1304,-0.51,0.78,0.0154
1305,-1.11,1.08,0.0153
1306,-1.11,1.23,0.0154
1307,-1.19,1.16,0.0153
1308,-1.19,1.14,0.0154
1309,-0.96,0.94,0.0153
1310,-0.96,0.64,0.0154
1311,-0.37,0.37,0.0153
1312,-0.37,0.10,0.0154
1313,0.18,-0.18,0.0153
1314,0.18,-0.36,0.0154
1315,0.38,-0.37,0.0153
1316,0.38,-0.26,0.0154
1317,-0.03,0.03,0.0153
1318,-0.03,0.37,0.0154
1319,-0.64,0.63,0.0153
1320,-0.64,0.95,0.0154
1321,-1.30,1.27,0.0153
1322,-1.30,1.22,0.0154
1323,-1.36,1.34,0.0153
1324,-1.36,1.20,0.0154
1325,-0.95,0.93,0.0153
1326,-0.95,0.68,0.0154
1327,-0.30,0.29,0.0153
1328,-0.30,-0.11,0.0154
1329,0.40,-0.39,0.0153
1330,0.40,-0.52,0.0154
1331,0.55,-0.54,0.0153
1332,0.55,-0.31,0.0154
1333,0.03,-0.03,0.0153
1334,0.03,0.37,0.0154
1335,-0.78,0.76,0.0153
1336,-0.78,1.12,0.0154
1337,-1.48,1.45,0.0153
1338,-1.48,1.69,0.0154
1339,-1.48,1.45,0.0153
1340,-1.48,1.31,0.0154
1341,-0.97,0.95,0.0153
1342,-0.97,0.50,0.0154
1343,0.01,-0.01,0.0153
1344,0.01,-0.52,0.0154
1345,0.88,-0.87,0.0153
1346,0.88,-1.14,0.0154
1347,1.31,-1.28,0.0153
1348,1.31,-0.95,0.0154
1349,0.52,-0.51,0.0153
1350,0.52,0.08,0.0154
1351,-0.56,0.55,0.0153
1352,-0.56,0.98,0.0154
1353,-1.33,1.30,0.0153
1354,-1.33,1.52,0.0154
1355,-1.25,1.23,0.0153
1356,-1.25,1.13,0.0154
1357,-0.88,0.86,0.0153
1358,-0.88,0.58,0.0154
1359,-0.27,0.26,0.0153
1360,-0.27,-0.14,0.0154
1361,0.47,-0.46,0.0153
1362,0.47,-0.63,0.0154
1363,0.71,-0.69,0.0153
1364,0.71,-0.57,0.0154
1365,0.33,-0.32,0.0153
1366,0.33,0.10,0.0154
1367,-0.40,0.40,0.0153
1368,-0.40,0.57,0.0154
1369,-0.78,0.76,0.0153
1370,-0.78,0.88,0.0154
1371,-0.96,0.94,0.0153
1372,-0.96,0.60,0.0154
1373,-0.32,0.31,0.0153
1374,-0.32,0.06,0.0153
1375,0.24,-0.24,0.0153
1376,0.24,-0.44,0.0154
1377,0.55,-0.54,0.0153
1378,0.55,-0.55,0.0154
1379,0.43,-0.42,0.0153
1380,0.43,-0.37,0.0154
1381,0.22,-0.21,0.0153
1382,0.22,0.20,0.0154
1383,-0.39,0.38,0.0153
1384,-0.39,0.43,0.0154
1385,-0.48,0.48,0.0153
1386,-0.48,0.49,0.0154
1387,-0.45,0.44,0.0153
1388,-0.45,0.00,0.0154
1389,0.22,-0.22,0.0152
1390,0.22,-0.29,0.0154
1391,0.33,-0.32,0.0153
1392,0.33,-0.36,0.0154
1393,0.48,-0.47,0.0153
1394,0.48,-0.45,0.0154
1395,0.39,-0.38,0.0153
1396,0.39,-0.21,0.0154
1397,0.04,-0.04,0.0153
1398,0.04,0.08,0.0154
1399,-0.13,0.12,0.0153
1400,-0.13,-0.01,0.0153
1401,0.19,-0.18,0.0152
1402,0.19,-0.34,0.0154
1403,0.56,-0.55,0.0153
1404,0.56,-0.71,0.0154
1405,0.80,-0.78,0.0153
1406,0.80,-0.81,0.0154
1407,0.81,-0.80,0.0153
1408,0.81,-0.75,0.0154
1409,0.66,-0.65,0.0153
1410,0.66,-0.50,0.0154
1411,0.39,-0.38,0.0153
1412,0.39,-0.18,0.0154
1413,0.08,-0.08,0.0153
1414,0.08,0.05,0.0154
1415,-0.06,0.06,0.0153
1416,-0.06,-0.04,0.0154
1417,0.31,-0.30,0.0153
1418,0.31,-0.61,0.0154
1419,0.84,-0.83,0.0153
1420,0.84,-1.13,0.0154
1421,1.25,-1.23,0.0153
1422,1.25,-1.37,0.0154
1423,1.34,-1.32,0.0153
1424,1.34,-1.30,0.0154
1425,1.17,-1.14,0.0153
1426,1.17,-0.89,0.0154
1427,0.67,-0.66,0.0153
1428,0.67,-0.30,0.0154
1429,-0.07,0.06,0.0153
1430,-0.07,0.37,0.0154
1431,-0.62,0.60,0.0153
1432,-0.62,0.70,0.0154
1433,-0.70,0.68,0.0153
1434,-0.70,0.33,0.0154
1435,0.27,-0.27,0.0153
1436,0.27,-0.79,0.0154
1437,1.21,-1.18,0.0153
1438,1.21,-1.59,0.0154
1439,2.05,-2.01,0.0153
1440,2.05,-2.02,0.0154
1441,1.80,-1.77,0.0153
1442,1.80,-1.46,0.0154
1443,1.05,-1.03,0.0153
1444,1.05,-0.64,0.0154
1445,0.17,-0.17,0.0153
1446,0.17,0.32,0.0154
1447,-0.77,0.76,0.0153
1448,-0.77,1.15,0.0154
1449,-1.35,1.32,0.0153
1450,-1.35,0.93,0.0154
1451,-0.14,0.14,0.0153
1452,-0.14,-0.57,0.0154
1453,1.32,-1.29,0.0153
1454,1.32,-1.86,0.0154
1455,2.44,-2.39,0.0153
1456,2.44,-2.38,0.0154
1457,2.31,-2.27,0.0153
1458,2.31,-1.97,0.0154
1459,1.58,-1.55,0.0153
1460,1.58,-0.98,0.0154
1461,0.36,-0.35,0.0153
1462,0.36,0.33,0.0154
1463,-1.08,1.06,0.0153
1464,-1.08,1.61,0.0154
1465,-1.57,1.54,0.0153
1466,-1.57,0.93,0.0154
1467,-0.21,0.21,0.0153
1468,-0.21,-0.53,0.0154
1469,1.29,-1.26,0.0153
1470,1.29,-1.86,0.0154
1471,2.39,-2.34,0.0153
1472,2.39,-2.50,0.0154
1473,2.31,-2.27,0.0153
1474,2.31,-2.21,0.0154
1475,1.64,-1.61,0.0153
1476,1.64,-0.89,0.0154
1477,0.20,-0.20,0.0152
1478,0.20,0.53,0.0154
1479,-1.20,1.18,0.0153
1480,-1.20,1.78,0.0153
1481,-2.04,2.00,0.0153
1482,-2.04,1.34,0.0154
1483,-0.64,0.63,0.0153
1484,-0.64,-0.05,0.0154
1485,0.67,-0.66,0.0153
1486,0.67,-1.09,0.0154
1487,1.46,-1.43,0.0153
1488,1.46,-1.04,0.0154
1489,1.04,-1.02,0.0153
1490,1.04,-0.96,0.0154
1491,0.96,-0.94,0.0153
1492,0.96,-0.80,0.0154