1,-4.04,2.47,0.0009
2,-4.04,2.37,0.0152
3,-1.64,2.24,0.0152
4,-1.64,0.92,0.0153
5,2.21,-0.37,0.0152
6,2.21,-1.41,0.0153
7,2.45,-1.97,0.0152
8,2.45,-1.54,0.0153
9,-0.48,-0.97,0.0152
10,-0.48,-0.36,0.0153
11,-1.45,0.25,0.0152
12,-1.45,0.54,0.0153
13,-0.89,0.58,0.0152
14,-0.89,0.68,0.0153
15,0.56,-0.15,0.0152
16,0.56,-0.86,0.0153
17,2.12,-1.51,0.0152
18,2.12,-1.51,0.0153
19,0.61,-1.26,0.0152
20,0.61,-1.04,0.0153
21,-0.16,-0.57,0.0152
22,-0.16,-0.29,0.0153
23,-0.39,-0.01,0.0152
24,-0.39,0.29,0.0152
25,-0.56,0.41,0.0152
26,-0.56,0.38,0.0153
27,0.18,0.18,0.0152
28,0.18,0.02,0.0153
29,0.58,-0.21,0.0152
30,0.58,-0.35,0.0153
31,0.63,-0.45,0.0152
32,0.63,-0.57,0.0153
33,0.41,-0.42,0.0152
34,0.41,-0.19,0.0153
35,-0.16,-0.03,0.0152
36,-0.16,0.20,0.0153
37,-0.44,0.36,0.0152
38,-0.44,0.35,0.0153
39,-0.02,0.30,0.0152
40,-0.02,0.26,0.0153
41,0.12,0.17,0.0152
42,0.12,-0.05,0.0153
43,0.60,-0.21,0.0152
44,0.60,-0.32,0.0153
45,0.71,-0.48,0.0152
46,0.71,-0.61,0.0153
47,-0.01,-0.16,0.0152
48,-0.01,0.11,0.0153
49,-0.22,0.15,0.0152
50,-0.22,0.01,0.0153
51,0.48,-0.10,0.0152
52,0.48,-0.20,0.0153
53,0.43,-0.21,0.0152
54,0.43,-0.18,0.0153
55,0.29,-0.17,0.0152
56,0.29,-0.12,0.0153
57,0.30,-0.15,0.0152
58,0.30,-0.10,0.0153
59,0.33,-0.15,0.0152
60,0.33,-0.13,0.0153
61,0.31,-0.12,0.0152
62,0.31,-0.14,0.0153
63,0.33,-0.11,0.0152
64,0.33,-0.13,0.0153
65,0.38,-0.13,0.0152
66,0.38,-0.11,0.0153
67,0.32,-0.10,0.0152
68,0.32,-0.01,0.0153
69,0.23,-0.02,0.0151
70,0.23,-0.06,0.0153
71,0.47,-0.12,0.0152
72,0.47,-0.13,0.0153
73,0.42,-0.13,0.0152
74,0.42,-0.07,0.0153
75,0.23,-0.02,0.0152
76,0.23,0.05,0.0153
77,0.19,0.07,0.0152
78,0.19,0.03,0.0153
79,0.47,-0.05,0.0152
80,0.47,-0.13,0.0153
81,0.54,-0.16,0.0152
82,0.54,-0.16,0.0153
83,0.13,0.03,0.0152
84,0.13,0.07,0.0153
85,0.38,-0.01,0.0152
86,0.38,-0.07,0.0152
87,0.50,-0.11,0.0152
88,0.50,-0.12,0.0153
89,0.32,-0.04,0.0152
90,0.32,0.01,0.0153
91,0.18,0.08,0.0152
92,0.18,0.01,0.0153
93,0.47,-0.03,0.0152
94,0.47,-0.05,0.0153
95,0.41,-0.06,0.0152
96,0.41,0.05,0.0153
97,-0.14,0.27,0.0152
98,-0.14,0.38,0.0153
99,-0.04,0.37,0.0152
100,-0.04,0.37,0.0153
101,0.01,0.38,0.0153
102,0.01,0.37,0.0153
103,0.08,0.32,0.0153
104,0.08,0.29,0.0154
105,-0.01,0.32,0.0153
106,-0.01,0.32,0.0154
107,-0.08,0.34,0.0153
108,-0.08,0.40,0.0153
109,-0.24,0.43,0.0153
110,-0.24,0.46,0.0153
111,-0.32,0.50,0.0153
112,-0.32,0.53,0.0153
113,-0.46,0.60,0.0152
114,-0.46,0.62,0.0154
115,-0.53,0.66,0.0152
116,-0.53,0.60,0.0153
117,-0.33,0.53,0.0152
118,-0.33,0.48,0.0153
119,-0.23,0.37,0.0152
120,-0.23,0.32,0.0153
121,-0.21,0.24,0.0152
122,-0.21,0.18,0.0153
123,-0.22,0.15,0.0152
124,-0.22,0.08,0.0153
125,-0.22,0.10,0.0152
126,-0.22,0.08,0.0153
127,-0.18,0.04,0.0152
128,-0.18,0.02,0.0153
129,-0.21,0.02,0.0152
130,-0.21,0.04,0.0153
131,-0.29,0.05,0.0153
132,-0.29,0.06,0.0154
133,-0.25,0.05,0.0152
134,-0.25,0.04,0.0153
135,-0.25,0.04,0.0153
136,-0.25,0.04,0.0154
137,-0.25,0.03,0.0153
138,-0.25,0.03,0.0154
139,-0.26,0.03,0.0153
140,-0.26,0.01,0.0154
141,-0.20,-0.00,0.0153
142,-0.20,-0.02,0.0152
143,-0.28,0.02,0.0153
144,-0.28,0.07,0.0154
145,-0.38,0.10,0.0153
146,-0.38,-0.00,0.0154
147,-0.19,0.02,0.0152
148,-0.19,0.01,0.0153
149,-0.30,0.04,0.0151
150,-0.30,0.04,0.0154
151,-0.25,0.02,0.0153
152,-0.25,0.04,0.0153
153,-0.27,0.02,0.0153
154,-0.27,0.03,0.0154
155,-0.30,0.04,0.0152
156,-0.30,0.02,0.0153
157,-0.24,0.01,0.0152
158,-0.24,0.01,0.0152
159,-0.25,-0.01,0.0152
160,-0.25,-0.01,0.0152
161,-0.23,-0.02,0.0153
162,-0.23,-0.04,0.0154
163,-0.20,-0.05,0.0153
164,-0.20,-0.05,0.0154
165,-0.20,-0.06,0.0153
166,-0.20,0.15,0.0154
167,-0.88,0.35,0.0152
168,-0.88,0.39,0.0154
169,-0.57,0.37,0.0153
170,-0.57,-0.15,0.0154
171,1.01,-0.61,0.0153
172,1.01,-0.89,0.0154
173,0.25,-0.66,0.0153
174,0.25,-0.34,0.0154
175,-0.63,-0.10,0.0153
176,-0.63,0.14,0.0154
177,-0.65,0.23,0.0153
178,-0.65,0.31,0.0153
179,-0.61,0.37,0.0153
180,-0.61,0.09,0.0154
181,0.46,-0.22,0.0153
182,0.46,-0.46,0.0154
183,0.56,-0.60,0.0153
184,0.56,-0.67,0.0153
185,0.48,-0.73,0.0153
186,0.48,-0.28,0.0154
187,-0.69,-0.04,0.0153
188,-0.69,0.06,0.0154
189,-0.62,0.30,0.0153
190,-0.62,0.52,0.0153
191,-0.85,0.62,0.0152
192,-0.85,0.60,0.0153
193,0.13,0.16,0.0153
194,0.13,-0.13,0.0153
195,0.39,-0.27,0.0153
196,0.39,-0.36,0.0154
197,0.07,-0.29,0.0153
198,0.07,-0.24,0.0154
199,-0.23,-0.11,0.0153
200,-0.23,-0.09,0.0154
201,-0.31,0.06,0.0153
202,-0.31,0.27,0.0153
203,-0.70,0.38,0.0152
204,-0.70,0.43,0.0154
205,-0.60,0.47,0.0153
206,-0.60,0.27,0.0153
207,0.44,-0.13,0.0152
208,0.44,-0.32,0.0153
209,0.30,-0.38,0.0153
210,0.30,-0.45,0.0153
211,0.21,-0.45,0.0152
212,0.21,-0.44,0.0153
213,-0.18,-0.21,0.0153
214,-0.18,-0.08,0.0154
215,-0.26,-0.02,0.0153
216,-0.26,0.06,0.0154
217,-0.27,0.10,0.0153
218,-0.27,0.08,0.0153
219,-0.04,0.01,0.0153
220,-0.04,-0.04,0.0153
221,0.03,-0.08,0.0153
222,0.03,-0.15,0.0154
223,0.14,-0.19,0.0153
224,0.14,-0.26,0.0154
225,0.32,-0.35,0.0153
226,0.32,-0.42,0.0153
227,0.41,-0.48,0.0153
228,0.41,-0.29,0.0154
229,-0.17,-0.16,0.0152
230,-0.17,0.02,0.0154
231,-0.33,0.13,0.0153
232,-0.33,0.08,0.0154
233,0.14,-0.01,0.0153
234,0.14,-0.08,0.0153
235,0.20,-0.12,0.0153
236,0.20,-0.20,0.0154
237,0.35,-0.27,0.0153
238,0.35,-0.34,0.0153
239,0.39,-0.36,0.0153
240,0.39,-0.23,0.0154
241,-0.19,-0.04,0.0153
242,-0.19,0.07,0.0154
243,-0.37,0.26,0.0153
244,-0.37,0.28,0.0154
245,-0.08,0.23,0.0153
246,-0.08,0.21,0.0154
247,-0.05,0.19,0.0153
248,-0.05,0.10,0.0154
249,0.18,0.01,0.0153
250,0.18,-0.10,0.0153
251,0.36,-0.20,0.0153
252,0.36,-0.23,0.0153
253,0.27,-0.26,0.0153
254,0.27,-0.31,0.0153
255,-0.07,-0.06,0.0153
256,-0.07,0.07,0.0154
257,-0.23,0.15,0.0153
258,-0.23,0.19,0.0153
259,-0.11,0.18,0.0153
260,-0.11,0.19,0.0153
261,-0.05,0.16,0.0153
262,-0.05,0.06,0.0153
263,-0.03,0.12,0.0153
264,-0.03,0.01,0.0153
265,0.22,-0.06,0.0152
266,0.22,-0.08,0.0153
267,0.04,-0.05,0.0153
268,0.04,-0.03,0.0154
269,0.04,-0.04,0.0153
270,0.04,0.00,0.0153
271,-0.15,0.09,0.0151
272,-0.15,0.16,0.0153
273,-0.24,0.20,0.0153
274,-0.24,0.24,0.0153
275,-0.32,0.31,0.0152
276,-0.32,0.35,0.0153
277,-0.15,0.24,0.0153
278,-0.15,0.08,0.0154
279,0.13,0.02,0.0153
280,0.13,-0.11,0.0154
281,0.18,-0.13,0.0153
282,0.18,-0.08,0.0154
283,-0.13,-0.02,0.0153
284,-0.13,0.05,0.0154
285,-0.24,0.10,0.0153
286,-0.24,0.17,0.0154
287,-0.37,0.25,0.0153
288,-0.37,0.31,0.0154
289,-0.13,0.17,0.0153
290,-0.13,0.02,0.0154
291,0.06,-0.00,0.0153
292,0.06,-0.02,0.0153
293,-0.17,0.04,0.0153
294,-0.17,0.10,0.0154
295,-0.29,0.14,0.0153
296,-0.29,0.15,0.0154
297,-0.23,0.15,0.0153
298,-0.23,0.19,0.0153
299,-0.29,0.18,0.0153
300,-0.29,0.20,0.0153
301,-0.32,0.21,0.0153
302,-0.32,0.23,0.0153
303,-0.36,0.23,0.0153
304,-0.36,0.24,0.0153
305,-0.33,0.22,0.0152
306,-0.33,0.19,0.0153
307,-0.22,0.13,0.0153
308,-0.22,0.10,0.0153
309,-0.23,0.07,0.0153
310,-0.23,0.06,0.0153
311,-0.16,-0.01,0.0153
312,-0.16,-0.04,0.0152
313,-0.24,-0.00,0.0153
314,-0.24,0.02,0.0153
315,-0.26,0.01,0.0152
316,-0.26,0.01,0.0153
317,-0.11,-0.07,0.0152
318,-0.11,-0.07,0.0154
319,-0.20,-0.06,0.0153
320,-0.20,-0.07,0.0154
321,-0.12,-0.10,0.0153
322,-0.12,-0.11,0.0154
323,-0.31,0.00,0.0153
324,-0.31,-0.05,0.0152
325,-0.04,-0.11,0.0153
326,-0.04,-0.02,0.0154
327,-0.20,-0.06,0.0153
328,-0.20,-0.11,0.0154
329,-0.16,-0.06,0.0153
330,-0.16,-0.07,0.0154
331,-0.18,-0.04,0.0153
332,-0.18,-0.04,0.0154
333,-0.24,0.01,0.0153
334,-0.24,0.01,0.0153
335,-0.16,-0.01,0.0152
336,-0.16,-0.07,0.0154
337,-0.07,-0.08,0.0153
338,-0.07,-0.09,0.0154
339,-0.08,-0.10,0.0153
340,-0.08,-0.14,0.0154
341,0.00,-0.16,0.0153
342,0.00,-0.20,0.0154
343,0.08,-0.23,0.0153
344,0.08,-0.25,0.0154
345,0.09,-0.26,0.0153
346,0.09,-0.29,0.0154
347,0.13,-0.29,0.0153
348,0.13,-0.33,0.0154
349,0.22,-0.34,0.0153
350,0.22,-0.36,0.0154
351,0.26,-0.38,0.0153
352,0.26,-0.41,0.0154
353,0.40,-0.46,0.0153
354,0.40,-0.48,0.0154
355,0.45,-0.50,0.0153
356,0.45,-0.51,0.0153
357,0.42,-0.48,0.0153
358,0.42,-0.46,0.0154
359,0.39,-0.42,0.0153
360,0.39,-0.32,0.0153
361,0.16,-0.22,0.0153
362,0.16,-0.12,0.0154
363,0.09,-0.05,0.0153
364,0.09,0.03,0.0153
365,0.09,0.05,0.0152
366,0.09,0.03,0.0153
367,0.23,0.01,0.0152
368,0.23,0.02,0.0153
369,0.16,0.04,0.0152
370,0.16,0.03,0.0153
371,0.15,0.05,0.0152
372,0.15,-0.02,0.0153
373,0.56,-0.19,0.0153
374,0.56,-0.15,0.0153
375,0.28,-0.14,0.0153
376,0.28,-0.08,0.0154
377,-0.41,0.31,0.0153
378,-0.41,0.51,0.0153
379,-0.56,0.64,0.0152
380,-0.56,0.76,0.0153
381,-0.60,0.81,0.0153
382,-0.60,0.66,0.0153
383,0.01,0.48,0.0153
384,0.01,0.34,0.0153
385,-0.04,0.30,0.0153
386,-0.04,0.22,0.0153
387,-0.17,0.26,0.0152
388,-0.17,0.36,0.0153
389,-0.46,0.40,0.0153
390,-0.46,0.51,0.0153
391,-0.63,0.55,0.0153
392,-0.63,0.58,0.0154
393,-0.46,0.50,0.0153
394,-0.46,0.47,0.0154
395,-0.33,0.36,0.0153
396,-0.33,0.27,0.0153
397,-0.17,0.16,0.0153
398,-0.17,0.09,0.0154
399,-0.16,0.03,0.0153
400,-0.16,-0.01,0.0154
401,-0.26,0.02,0.0152
402,-0.26,0.12,0.0154
403,-0.54,0.18,0.0153
404,-0.54,0.26,0.0154
405,-0.55,0.27,0.0153
406,-0.55,0.27,0.0153
407,-0.48,0.26,0.0153
408,-0.48,0.16,0.0154
409,-0.26,0.11,0.0153
410,-0.26,-0.04,0.0154
411,-0.14,-0.06,0.0153
412,-0.14,0.07,0.0154
413,-0.68,0.18,0.0153
414,-0.68,0.32,0.0154
415,-0.57,0.23,0.0153
416,-0.57,0.19,0.0153
417,-0.25,0.06,0.0153
418,-0.25,-0.07,0.0153
419,-0.10,-0.14,0.0153
420,-0.10,-0.06,0.0154
421,-0.58,0.05,0.0153
422,-0.58,0.13,0.0153
423,-0.57,0.15,0.0152
424,-0.57,-0.00,0.0153
425,-0.17,-0.04,0.0151
426,-0.17,-0.02,0.0154
427,-0.50,0.05,0.0153
428,-0.50,0.09,0.0153
429,-0.63,0.18,0.0153
430,-0.63,-0.05,0.0153
431,0.03,-0.16,0.0153
432,0.03,-0.06,0.0154
433,-0.47,-0.04,0.0153
434,-0.47,-0.02,0.0154
435,-0.46,0.02,0.0153
436,-0.46,0.12,0.0154
437,-0.48,0.07,0.0153
438,-0.48,0.11,0.0153
439,-0.57,0.15,0.0153
440,-0.57,-0.04,0.0153
441,0.37,-0.39,0.0153
442,0.37,-0.67,0.0153
443,0.37,-0.67,0.0153
444,0.37,-0.55,0.0154
445,-0.28,-0.39,0.0153
446,-0.28,-0.24,0.0154
447,-0.40,-0.14,0.0153
448,-0.40,0.04,0.0153
449,-0.66,0.18,0.0153
450,-0.66,0.17,0.0154
451,-0.33,0.14,0.0153
452,-0.33,-0.26,0.0153
453,0.94,-0.67,0.0153
454,0.94,-0.93,0.0154
455,0.37,-0.73,0.0153
456,0.37,-0.43,0.0154
457,-0.49,-0.20,0.0153
458,-0.49,-0.05,0.0154
459,-0.79,0.30,0.0153
460,-0.79,0.55,0.0154
461,-1.19,0.81,0.0153
462,-1.19,0.63,0.0154
463,0.12,0.24,0.0153
464,0.12,-0.07,0.0153
465,0.45,-0.29,0.0153
466,0.45,-0.44,0.0154
467,0.26,-0.46,0.0153
468,0.26,-0.47,0.0154
469,0.18,-0.48,0.0153
470,0.18,-0.36,0.0154
471,-0.24,-0.21,0.0153
472,-0.24,-0.16,0.0154
473,-0.25,-0.03,0.0153
474,-0.25,0.17,0.0154
475,-0.45,0.19,0.0153
476,-0.45,0.24,0.0154
477,-0.31,0.22,0.0153
478,-0.31,0.28,0.0154
479,0.06,-0.00,0.0153
480,0.06,-0.19,0.0153
481,0.36,-0.31,0.0153
482,0.36,-0.31,0.0154
483,0.09,-0.30,0.0153
484,0.09,-0.23,0.0154
485,-0.13,-0.14,0.0153
486,-0.13,-0.04,0.0154
487,-0.33,0.08,0.0153
488,-0.33,0.21,0.0154
489,-0.46,0.28,0.0153
490,-0.46,0.37,0.0154
491,-0.55,0.42,0.0153
492,-0.55,0.36,0.0153
493,0.26,-0.01,0.0153
494,0.26,-0.15,0.0154
495,-0.00,-0.10,0.0153
496,-0.00,-0.03,0.0154
497,-0.36,0.08,0.0153
498,-0.36,0.14,0.0154
499,-0.45,0.23,0.0153
500,-0.45,0.24,0.0154
501,-0.17,0.13,0.0153
502,-0.17,0.03,0.0154
503,-0.11,0.03,0.0153
504,-0.11,-0.06,0.0154
505,-0.19,0.02,0.0153
506,-0.19,0.14,0.0154
507,-0.48,0.19,0.0153
508,-0.48,0.24,0.0154
509,-0.38,0.21,0.0153
510,-0.38,0.21,0.0154
511,-0.37,0.21,0.0153
512,-0.37,0.15,0.0153
513,-0.26,0.13,0.0152
514,-0.26,0.05,0.0153
515,-0.22,0.05,0.0152
516,-0.22,-0.01,0.0154
517,-0.28,0.03,0.0152
518,-0.28,0.07,0.0154
519,-0.42,0.11,0.0153
520,-0.42,0.12,0.0153
521,-0.35,0.10,0.0152
522,-0.35,0.14,0.0153
523,-0.40,0.13,0.0153
524,-0.40,0.13,0.0153
525,-0.31,0.07,0.0153
526,-0.31,0.03,0.0153
527,-0.20,-0.03,0.0153
528,-0.20,-0.10,0.0154
529,-0.19,-0.09,0.0153
530,-0.19,-0.09,0.0154
531,-0.17,-0.13,0.0153
532,-0.17,-0.13,0.0154
533,-0.35,-0.03,0.0153
534,-0.35,0.08,0.0154
535,-0.57,0.16,0.0152
536,-0.57,0.18,0.0153
537,-0.35,0.12,0.0153
538,-0.35,0.09,0.0153
539,0.04,-0.15,0.0152
540,0.04,-0.54,0.0154
541,0.72,-0.70,0.0153
542,0.72,-0.77,0.0154
543,0.51,-0.85,0.0153
544,0.51,-0.49,0.0154
545,-0.49,-0.27,0.0153
546,-0.49,-0.21,0.0154
547,-0.53,0.10,0.0153
548,-0.53,0.32,0.0153
549,-0.63,0.37,0.0153
550,-0.63,0.35,0.0154
551,-0.35,0.33,0.0153
552,-0.35,-0.29,0.0154
553,1.34,-0.76,0.0153
554,1.34,-1.04,0.0154
555,0.37,-0.73,0.0153
556,0.37,-0.43,0.0154
557,-0.60,-0.07,0.0153
558,-0.60,0.15,0.0154
559,-0.52,0.25,0.0153
560,-0.52,0.41,0.0154
561,-0.46,0.38,0.0153
562,-0.46,0.09,0.0154
563,0.29,-0.02,0.0153
564,0.29,-0.39,0.0154
565,0.85,-0.59,0.0153
566,0.85,-0.74,0.0154
567,0.64,-0.75,0.0153
568,0.64,-0.37,0.0154
569,-0.59,-0.04,0.0153
570,-0.59,0.16,0.0154
571,-0.83,0.51,0.0153
572,-0.83,0.68,0.0153
573,-0.83,0.79,0.0153
574,-0.83,0.63,0.0154
575,0.31,0.20,0.0153
576,0.31,-0.10,0.0153
577,0.43,-0.21,0.0153
578,0.43,-0.26,0.0153
579,0.17,-0.28,0.0153
580,0.17,-0.25,0.0154
581,-0.01,-0.19,0.0153
582,-0.01,-0.23,0.0154
583,-0.25,0.02,0.0153
584,-0.25,0.13,0.0154
585,-0.33,0.19,0.0153
586,-0.33,0.23,0.0154
587,-0.33,0.27,0.0153
588,-0.33,0.23,0.0154
589,0.12,0.03,0.0153
590,0.12,-0.08,0.0153
591,-0.05,-0.01,0.0153
592,-0.05,-0.03,0.0153
593,-0.15,0.03,0.0153
594,-0.15,0.11,0.0153
595,-0.21,0.09,0.0153
596,-0.21,0.15,0.0153
597,-0.30,0.17,0.0153
598,-0.30,0.23,0.0153
599,-0.48,0.31,0.0153
600,-0.48,0.34,0.0153
601,-0.42,0.34,0.0153
602,-0.42,0.33,0.0153
603,-0.41,0.33,0.0152
604,-0.41,0.27,0.0154
605,-0.24,0.20,0.0152
606,-0.24,0.15,0.0153
607,-0.09,0.02,0.0153
608,-0.09,0.02,0.0154
609,-0.18,-0.02,0.0153
610,-0.18,0.02,0.0154
611,-0.38,0.07,0.0153
612,-0.38,0.06,0.0153
613,-0.31,0.08,0.0152
614,-0.31,0.10,0.0153
615,-0.29,0.07,0.0153
616,-0.29,0.06,0.0153
617,-0.29,0.06,0.0153
618,-0.29,0.04,0.0153
619,-0.24,0.01,0.0153
620,-0.24,-0.01,0.0154
621,-0.24,-0.01,0.0152
622,-0.24,-0.02,0.0154
623,-0.28,-0.00,0.0153
624,-0.28,-0.01,0.0153
625,-0.24,-0.02,0.0152
626,-0.24,-0.03,0.0154
627,-0.18,-0.07,0.0153
628,-0.18,-0.08,0.0154
629,-0.28,-0.02,0.0153
630,-0.28,0.05,0.0154
631,-0.37,0.05,0.0153
632,-0.37,0.06,0.0154
633,-0.22,0.01,0.0153
634,-0.22,-0.05,0.0152
635,-0.21,-0.03,0.0153
636,-0.21,-0.12,0.0154
637,-0.04,-0.15,0.0153
638,-0.04,-0.20,0.0154
639,0.11,-0.30,0.0153
640,0.11,-0.33,0.0153
641,0.16,-0.40,0.0153
642,0.16,-0.39,0.0154
643,0.18,-0.44,0.0153
644,0.18,-0.47,0.0154
645,0.28,-0.50,0.0153
646,0.28,-0.52,0.0154
647,0.38,-0.56,0.0153
648,0.38,-0.59,0.0154
649,0.50,-0.64,0.0153
650,0.50,-0.61,0.0153
651,0.36,-0.55,0.0153
652,0.36,-0.48,0.0154
653,0.25,-0.41,0.0153
654,0.25,-0.33,0.0154
655,0.24,-0.29,0.0153
656,0.24,-0.24,0.0153
657,0.26,-0.22,0.0153
658,0.26,-0.18,0.0153
659,0.25,-0.16,0.0153
660,0.25,-0.13,0.0154
661,0.24,-0.11,0.0153
662,0.24,-0.05,0.0153
663,0.11,0.00,0.0153
664,0.11,0.05,0.0152
665,0.12,0.06,0.0153
666,0.12,0.01,0.0153
667,0.26,0.00,0.0151
668,0.26,-0.00,0.0152
669,0.27,-0.04,0.0151
670,0.27,-0.03,0.0153
671,0.20,-0.01,0.0153
672,0.20,0.18,0.0153
673,-0.16,0.22,0.0152
674,-0.16,0.22,0.0153
675,-0.01,0.25,0.0152
676,-0.01,0.29,0.0153
677,-0.14,0.33,0.0153
678,-0.14,0.39,0.0153
679,-0.14,0.36,0.0152
680,-0.14,0.31,0.0153
681,-0.09,0.31,0.0152
682,-0.09,0.34,0.0153
683,-0.22,0.35,0.0153
684,-0.22,0.41,0.0153
685,-0.30,0.40,0.0153
686,-0.30,0.44,0.0153
687,-0.44,0.49,0.0153
688,-0.44,0.50,0.0154
689,-0.46,0.52,0.0153
690,-0.46,0.48,0.0154
691,-0.37,0.45,0.0152
692,-0.37,0.42,0.0153
693,-0.31,0.35,0.0153
694,-0.31,0.32,0.0153
695,-0.21,0.21,0.0153
696,-0.21,0.20,0.0153
697,-0.27,0.15,0.0153
698,-0.27,0.12,0.0154
699,-0.29,0.13,0.0153
700,-0.29,0.10,0.0154
701,-0.30,0.11,0.0153
702,-0.30,0.06,0.0154
703,-0.25,0.06,0.0153
704,-0.25,0.03,0.0154
705,-0.24,0.02,0.0153
706,-0.24,-0.00,0.0154
707,-0.19,-0.03,0.0152
708,-0.19,-0.00,0.0154
709,-0.35,0.04,0.0152
710,-0.35,0.04,0.0154
711,-0.33,0.06,0.0152
712,-0.33,-0.05,0.0153
713,-0.08,-0.08,0.0153
714,-0.08,-0.07,0.0154
715,-0.17,-0.10,0.0153
716,-0.17,-0.14,0.0154
717,-0.04,-0.18,0.0153
718,-0.04,-0.22,0.0154
719,-0.06,-0.21,0.0153
720,-0.06,-0.28,0.0154
721,0.31,-0.43,0.0153
722,0.31,-0.48,0.0154
723,0.51,-0.65,0.0153
724,0.51,-0.58,0.0154
725,0.20,-0.55,0.0153
726,0.20,-0.57,0.0154
727,0.36,-0.56,0.0153
728,0.36,-0.61,0.0154
729,0.47,-0.59,0.0152
730,0.47,-0.62,0.0154
731,0.51,-0.60,0.0153
732,0.51,-0.65,0.0153
733,0.58,-0.61,0.0153
734,0.58,-0.55,0.0154
735,0.33,-0.43,0.0152
736,0.33,-0.34,0.0153
737,0.25,-0.25,0.0153
738,0.25,-0.22,0.0154
739,0.29,-0.16,0.0153
740,0.29,-0.09,0.0153
741,0.21,-0.05,0.0153
742,0.21,-0.02,0.0153
743,0.27,-0.02,0.0153
744,0.27,-0.01,0.0153
745,0.29,-0.01,0.0152
746,0.29,-0.05,0.0154
747,0.43,-0.09,0.0153
748,0.43,-0.13,0.0153
749,0.49,-0.17,0.0153
750,0.49,-0.16,0.0153
751,0.39,-0.14,0.0153
752,0.39,-0.08,0.0154
753,0.17,0.02,0.0153
754,0.17,0.06,0.0153
755,0.33,0.01,0.0153
756,0.33,-0.08,0.0152
757,0.64,-0.19,0.0153
758,0.64,-0.14,0.0154
759,0.38,-0.13,0.0153
760,0.38,-0.02,0.0154
761,0.20,0.02,0.0153
762,0.20,0.10,0.0153
763,0.26,0.07,0.0153
764,0.26,0.04,0.0153
765,0.40,0.01,0.0153
766,0.40,0.02,0.0152
767,0.33,0.02,0.0152
768,0.33,-0.14,0.0153
769,1.07,-0.44,0.0153
770,1.07,-0.50,0.0153
771,0.78,-0.49,0.0153
772,0.78,0.07,0.0154
773,-1.12,0.68,0.0152
774,-1.12,1.14,0.0153
775,-0.23,0.75,0.0152
776,-0.23,0.44,0.0153
777,0.43,0.34,0.0153
778,0.43,0.26,0.0153
779,0.20,0.23,0.0152
780,0.20,0.04,0.0153
781,0.48,-0.02,0.0152
782,0.48,-0.01,0.0153
783,-0.10,0.20,0.0153
784,-0.10,0.32,0.0153
785,-0.28,0.42,0.0153
786,-0.28,0.57,0.0153
787,-0.44,0.61,0.0153
788,-0.44,0.66,0.0154
789,-0.56,0.76,0.0153
790,-0.56,0.72,0.0154
791,-0.42,0.71,0.0152
792,-0.42,0.65,0.0153
793,-0.31,0.57,0.0153
794,-0.31,0.54,0.0153
795,-0.31,0.46,0.0153
796,-0.31,0.41,0.0154
797,-0.37,0.40,0.0153
798,-0.37,0.32,0.0154
799,-0.36,0.34,0.0153
800,-0.36,0.28,0.0154
801,-0.38,0.29,0.0153
802,-0.38,0.22,0.0154
803,-0.26,0.17,0.0153
804,-0.26,0.10,0.0154
805,-0.25,0.09,0.0153
806,-0.25,0.03,0.0154
807,-0.23,0.03,0.0153
808,-0.23,-0.02,0.0154
809,-0.26,0.01,0.0153
810,-0.26,0.11,0.0153
811,-0.72,0.28,0.0153
812,-0.72,0.34,0.0154
813,-0.62,0.35,0.0153
814,-0.62,0.32,0.0153
815,-0.39,0.23,0.0153
816,-0.39,0.18,0.0153
817,-0.23,0.05,0.0153
818,-0.23,-0.05,0.0153
819,-0.18,-0.08,0.0153
820,-0.18,0.00,0.0154
821,-0.64,0.13,0.0151
822,-0.64,0.25,0.0153
823,-0.54,0.17,0.0153
824,-0.54,0.06,0.0153
825,-0.12,-0.06,0.0152
826,-0.12,-0.17,0.0154
827,-0.26,-0.11,0.0153
828,-0.26,-0.06,0.0154
829,-0.46,-0.00,0.0153
830,-0.46,0.03,0.0152
831,-0.43,0.04,0.0153
832,-0.43,0.08,0.0153
833,-0.47,0.08,0.0153
834,-0.47,-0.01,0.0153
835,0.23,-0.33,0.0152
836,0.23,-0.40,0.0154
837,0.03,-0.41,0.0153
838,0.03,-0.46,0.0154
839,0.14,-0.51,0.0153
840,0.14,-0.58,0.0154
841,0.37,-0.67,0.0153
842,0.37,-0.63,0.0154
843,0.11,-0.56,0.0153
844,0.11,-0.65,0.0154
845,0.44,-0.67,0.0153
846,0.44,-0.71,0.0154
847,0.55,-0.75,0.0153
848,0.55,-0.75,0.0154
849,0.58,-0.77,0.0153
850,0.58,-0.74,0.0154
851,0.50,-0.69,0.0153
852,0.50,-0.60,0.0154
853,0.40,-0.54,0.0153
854,0.40,-0.46,0.0154
855,0.40,-0.42,0.0153
856,0.40,-0.33,0.0154
857,0.27,-0.24,0.0153
858,0.27,-0.20,0.0154
859,0.27,-0.13,0.0153
860,0.27,-0.14,0.0154
861,0.38,-0.13,0.0153
862,0.38,-0.14,0.0154
863,0.37,-0.11,0.0153
864,0.37,-0.08,0.0154
865,0.29,-0.05,0.0153
866,0.29,-0.02,0.0154
867,0.38,-0.06,0.0153
868,0.38,0.01,0.0154
869,0.36,-0.05,0.0153
870,0.36,-0.29,0.0154
871,1.07,-0.48,0.0153
872,1.07,-0.56,0.0154
873,0.69,-0.46,0.0153
874,0.69,-0.35,0.0154
875,0.29,-0.18,0.0153
876,0.29,-0.00,0.0154
877,0.08,0.13,0.0152
878,0.08,0.20,0.0153
879,0.37,0.11,0.0153
880,0.37,-0.01,0.0153
881,0.82,-0.18,0.0153
882,0.82,-0.36,0.0154
883,0.77,-0.30,0.0153
884,0.77,-0.16,0.0154
885,0.11,0.05,0.0153
886,0.11,0.26,0.0153
887,-0.03,0.33,0.0152
888,-0.03,0.26,0.0153
889,0.45,0.18,0.0152
890,0.45,0.03,0.0153
891,0.72,-0.09,0.0152
892,0.72,-0.27,0.0153
893,1.13,-0.48,0.0153
894,1.13,-0.56,0.0154
895,0.38,-0.22,0.0153
896,0.38,0.22,0.0153
897,-0.63,0.56,0.0152
898,-0.63,0.90,0.0153
899,-0.87,1.12,0.0152
900,-0.87,1.01,0.0153
901,0.15,0.74,0.0152
902,0.15,0.62,0.0153
903,0.20,0.45,0.0152
904,0.20,0.29,0.0154
905,0.22,0.24,0.0152
906,0.22,0.09,0.0154
907,0.28,0.08,0.0153
908,0.28,-0.01,0.0154
909,0.20,0.03,0.0153
910,0.20,0.15,0.0153
911,-0.22,0.25,0.0152
912,-0.22,0.39,0.0153
913,-0.39,0.46,0.0153
914,-0.39,0.62,0.0154
915,-0.64,0.71,0.0153
916,-0.64,0.83,0.0153
917,-0.79,0.90,0.0153
918,-0.79,0.93,0.0154
919,-0.67,0.88,0.0153
920,-0.67,0.81,0.0154
921,-0.58,0.76,0.0153
922,-0.58,0.63,0.0154
923,-0.19,0.40,0.0153
924,-0.19,0.27,0.0154
925,-0.16,0.16,0.0153
926,-0.16,0.13,0.0154
927,-0.33,0.12,0.0153
928,-0.33,0.09,0.0154
929,-0.43,0.14,0.0153
930,-0.43,0.12,0.0154
931,-0.42,0.14,0.0153
932,-0.42,0.13,0.0154
933,-0.43,0.14,0.0153
934,-0.43,0.10,0.0153
935,-0.38,0.10,0.0153
936,-0.38,0.05,0.0154
937,-0.37,0.07,0.0152
938,-0.37,-0.01,0.0153
939,-0.31,0.01,0.0152
940,-0.31,0.14,0.0152
941,-0.73,0.23,0.0153
942,-0.73,0.39,0.0153
943,-0.81,0.39,0.0152
944,-0.81,0.45,0.0153
945,-0.63,0.35,0.0152
946,-0.63,0.15,0.0153
947,-0.14,0.00,0.0153
948,-0.14,-0.18,0.0152
949,-0.13,-0.20,0.0153
950,-0.13,-0.03,0.0154
951,-0.92,0.18,0.0153
952,-0.92,0.39,0.0153
953,-0.97,0.42,0.0153
954,-0.97,0.42,0.0153
955,-0.66,0.33,0.0153
956,-0.66,0.15,0.0154
957,-0.14,-0.06,0.0153
958,-0.14,-0.20,0.0154
959,-0.23,-0.22,0.0153
960,-0.23,-0.08,0.0154
961,-0.80,0.06,0.0153
962,-0.80,0.25,0.0154
963,-0.92,0.28,0.0153
964,-0.92,0.27,0.0154
965,-0.32,0.02,0.0153
966,-0.32,-0.10,0.0153
967,0.08,-0.37,0.0153
968,0.08,-0.47,0.0154
969,-0.17,-0.41,0.0153
970,-0.17,-0.31,0.0154
971,-0.46,-0.23,0.0153
972,-0.46,-0.15,0.0154
973,-0.67,0.01,0.0153
974,-0.67,0.43,0.0153
975,-1.42,0.60,0.0153
976,-1.42,0.71,0.0153
977,-1.08,0.69,0.0153
978,-1.08,0.05,0.0153
979,1.16,-0.67,0.0153
980,1.16,-1.11,0.0154
981,1.16,-1.40,0.0153
982,1.16,-1.54,0.0154
983,0.02,-1.02,0.0153
984,0.02,-0.56,0.0154
985,-0.64,-0.34,0.0153
986,-0.64,-0.14,0.0154
987,-0.70,0.10,0.0153
988,-0.70,0.32,0.0154
989,-0.79,0.39,0.0152
990,-0.79,0.32,0.0153
991,-0.24,0.20,0.0152
992,-0.24,-0.30,0.0153
993,1.22,-0.82,0.0153
994,1.22,-1.11,0.0153
995,1.16,-1.30,0.0153
996,1.16,-0.92,0.0153
997,-0.27,-0.62,0.0153
998,-0.27,-0.55,0.0154
999,-0.28,-0.19,0.0153
1000,-0.28,-0.06,0.0154
1001,-0.57,0.24,0.0153
1002,-0.57,0.38,0.0154
1003,-0.47,0.41,0.0153
1004,-0.47,0.27,0.0154
1005,0.58,-0.16,0.0153
1006,0.58,-0.36,0.0154
1007,0.71,-0.56,0.0153
1008,0.71,-0.77,0.0154
1009,0.51,-0.62,0.0153
1010,0.51,-0.54,0.0154
1011,0.25,-0.46,0.0153
1012,0.25,-0.54,0.0154
1013,0.16,-0.29,0.0153
1014,0.16,-0.25,0.0154
1015,0.40,-0.32,0.0153
1016,0.40,-0.24,0.0154
1017,0.28,-0.24,0.0153
1018,0.28,-0.22,0.0154
1019,0.37,-0.24,0.0153
1020,0.37,-0.23,0.0154
1021,0.42,-0.25,0.0153
1022,0.42,-0.20,0.0154
1023,0.37,-0.21,0.0153
1024,0.37,-0.16,0.0154
1025,0.36,-0.17,0.0153
1026,0.36,-0.16,0.0154
1027,0.36,-0.14,0.0153
1028,0.36,-0.22,0.0154
1029,0.46,-0.17,0.0153
1030,0.46,-0.18,0.0154
1031,0.34,-0.11,0.0153
1032,0.34,-0.03,0.0154
1033,0.19,0.02,0.0153
1034,0.19,0.05,0.0154
1035,0.53,-0.11,0.0153
1036,0.53,-0.29,0.0154
1037,0.93,-0.42,0.0153
1038,0.93,-0.57,0.0154
1039,0.69,-0.43,0.0153
1040,0.69,-0.34,0.0154
1041,0.40,-0.23,0.0153
1042,0.40,-0.01,0.0154
1043,-0.01,0.15,0.0152
1044,-0.01,0.22,0.0154
1045,0.36,0.13,0.0153
1046,0.36,-0.05,0.0154
1047,0.88,-0.21,0.0153
1048,0.88,-0.39,0.0154
1049,0.79,-0.33,0.0153
1050,0.79,-0.16,0.0154
1051,0.23,-0.04,0.0153
1052,0.23,0.19,0.0154
1053,-0.05,0.30,0.0153
1054,-0.05,0.26,0.0154
1055,0.55,0.11,0.0153
1056,0.55,-0.06,0.0154
1057,0.89,-0.22,0.0153
1058,0.89,-0.36,0.0154
1059,1.25,-0.60,0.0153
1060,1.25,-0.15,0.0154
1061,-0.44,0.25,0.0153
1062,-0.44,0.69,0.0154
1063,-1.14,1.14,0.0153
1064,-1.14,1.35,0.0154
1065,-0.34,1.08,0.0153
1066,-0.34,0.81,0.0154
1067,0.36,0.56,0.0153
1068,0.36,0.48,0.0153
1069,0.31,0.26,0.0153
1070,0.31,-0.00,0.0154
1071,0.69,-0.16,0.0152
1072,0.69,-0.15,0.0154
1073,0.27,-0.13,0.0153
1074,0.27,-0.08,0.0154
1075,-0.01,0.07,0.0153
1076,-0.01,0.50,0.0154
1077,-0.92,0.73,0.0153
1078,-0.92,0.84,0.0154
1079,-0.31,0.69,0.0153
1080,-0.31,0.48,0.0154
1081,0.08,0.38,0.0153
1082,0.08,0.20,0.0154
1083,0.23,0.09,0.0153
1084,0.23,0.03,0.0154
1085,0.26,-0.09,0.0153
1086,0.26,-0.17,0.0154
1087,0.08,-0.09,0.0153
1088,0.08,0.07,0.0154
1089,-0.43,0.24,0.0153
1090,-0.43,0.39,0.0154
1091,-0.66,0.55,0.0153
1092,-0.66,0.61,0.0154
1093,-0.29,0.46,0.0153
1094,-0.29,0.40,0.0154
1095,-0.19,0.32,0.0153
1096,-0.19,0.23,0.0154
1097,-0.11,0.17,0.0153
1098,-0.11,0.14,0.0154
1099,-0.14,0.10,0.0153
1100,-0.14,0.18,0.0154
1101,-0.35,0.18,0.0153
1102,-0.35,0.22,0.0154
1103,-0.44,0.27,0.0153
1104,-0.44,0.28,0.0154
1105,-0.34,0.24,0.0153
1106,-0.34,0.23,0.0154
1107,-0.28,0.17,0.0153
1108,-0.28,0.13,0.0154
1109,-0.20,0.08,0.0153
1110,-0.20,0.05,0.0154
1111,-0.27,0.06,0.0153
1112,-0.27,0.03,0.0154
1113,-0.21,0.01,0.0153
1114,-0.21,0.02,0.0154
1115,-0.29,0.03,0.0153
1116,-0.29,0.05,0.0154
1117,-0.37,0.09,0.0153
1118,-0.37,0.08,0.0154
1119,-0.31,0.08,0.0153
1120,-0.31,0.06,0.0154
1121,-0.26,0.04,0.0153
1122,-0.26,-0.01,0.0154
1123,-0.31,0.04,0.0152
1124,-0.31,0.11,0.0154
1125,-0.47,0.14,0.0153
1126,-0.47,0.16,0.0154
1127,-0.40,0.14,0.0153
1128,-0.40,0.12,0.0154
1129,-0.19,0.01,0.0153
1130,-0.19,0.02,0.0153
1131,-0.33,0.02,0.0153
1132,-0.33,0.06,0.0154
1133,-0.42,0.07,0.0153
1134,-0.42,0.07,0.0154
1135,-0.29,0.03,0.0153
1136,-0.29,-0.01,0.0154
1137,-0.24,-0.04,0.0153
1138,-0.24,0.00,0.0154
1139,-0.45,0.06,0.0152
1140,-0.45,0.13,0.0154
1141,-0.44,0.11,0.0153
1142,-0.44,0.12,0.0154
1143,-0.16,-0.04,0.0153
1144,-0.16,-0.16,0.0154
1145,-0.15,-0.13,0.0153
1146,-0.15,-0.12,0.0154
1147,-0.25,-0.12,0.0153
1148,-0.25,-0.14,0.0154
1149,-0.18,-0.14,0.0153
1150,-0.18,0.03,0.0154
1151,-0.63,0.13,0.0153
1152,-0.63,0.10,0.0154
1153,-0.37,0.11,0.0153
1154,-0.37,0.01,0.0154
1155,0.56,-0.47,0.0153
1156,0.56,-0.82,0.0154
1157,0.84,-0.94,0.0153
1158,0.84,-1.03,0.0154
1159,-0.03,-0.62,0.0153
1160,-0.03,-0.37,0.0154
1161,-0.25,-0.26,0.0153
1162,-0.25,-0.30,0.0154
1163,-0.05,-0.17,0.0153
1164,-0.05,-0.00,0.0154
1165,-0.27,0.03,0.0152
1166,-0.27,-0.02,0.0154
1167,0.25,-0.18,0.0153
1168,0.25,-0.28,0.0154
1169,0.40,-0.38,0.0153
1170,0.40,-0.42,0.0154
1171,0.43,-0.48,0.0153
1172,0.43,-0.58,0.0154
1173,0.55,-0.58,0.0153
1174,0.55,-0.64,0.0154
1175,0.52,-0.59,0.0153
1176,0.52,-0.53,0.0154
1177,0.41,-0.49,0.0153
1178,0.41,-0.33,0.0154
1179,0.23,-0.29,0.0153
1180,0.23,-0.15,0.0154
1181,0.07,-0.06,0.0153
1182,0.07,0.01,0.0154
1183,0.17,0.01,0.0152
1184,0.17,-0.02,0.0154
1185,0.39,-0.09,0.0153
1186,0.39,-0.18,0.0154
1187,0.44,-0.17,0.0153
1188,0.44,-0.23,0.0154
1189,0.38,-0.17,0.0153
1190,0.38,-0.11,0.0154
1191,0.15,-0.02,0.0153
1192,0.15,0.07,0.0154
1193,0.10,0.10,0.0153
1194,0.10,0.07,0.0154
1195,0.31,0.03,0.0153
1196,0.31,-0.04,0.0154
1197,0.33,-0.02,0.0153
1198,0.33,-0.06,0.0154
1199,0.42,-0.10,0.0153
1200,0.42,-0.01,0.0154
1201,-0.14,0.20,0.0153
1202,-0.14,0.30,0.0154
1203,-0.00,0.27,0.0153
1204,-0.00,0.30,0.0154
1205,-0.04,0.32,0.0153
1206,-0.04,0.35,0.0154
1207,-0.18,0.42,0.0153
1208,-0.18,0.47,0.0154
1209,-0.36,0.55,0.0153
1210,-0.36,0.46,0.0154
1211,-0.08,0.42,0.0153
1212,-0.08,0.34,0.0154
1213,-0.08,0.32,0.0153
1214,-0.08,0.35,0.0154
1215,-0.30,0.38,0.0153
1216,-0.30,0.46,0.0154
1217,-0.50,0.52,0.0153
1218,-0.50,0.57,0.0154
1219,-0.64,0.65,0.0153
1220,-0.64,0.66,0.0154
1221,-0.48,0.58,0.0153
1222,-0.48,0.53,0.0154
1223,-0.34,0.42,0.0153
1224,-0.34,0.34,0.0154
1225,-0.21,0.23,0.0153
1226,-0.21,0.13,0.0154
1227,-0.13,0.06,0.0153
1228,-0.13,0.01,0.0154
1229,-0.23,0.02,0.0152
1230,-0.23,0.06,0.0154
1231,-0.43,0.11,0.0153
1232,-0.43,0.14,0.0154
1233,-0.39,0.14,0.0153
1234,-0.39,0.12,0.0154
1235,-0.36,0.13,0.0153
1236,-0.36,0.13,0.0154
1237,-0.28,0.06,0.0153
1238,-0.28,0.02,0.0154
1239,-0.23,-0.01,0.0153
1240,-0.23,0.02,0.0153
1241,-0.39,0.05,0.0153
1242,-0.39,0.11,0.0154
1243,-0.45,0.11,0.0153
1244,-0.45,0.11,0.0154
1245,-0.39,0.11,0.0153
1246,-0.39,0.07,0.0154
1247,-0.25,0.01,0.0153
1248,-0.25,-0.04,0.0153
1249,-0.27,-0.03,0.0153
1250,-0.27,0.05,0.0154
1251,-0.58,0.14,0.0153
1252,-0.58,0.14,0.0154
1253,-0.37,0.09,0.0153
1254,-0.37,-0.14,0.0154
1255,0.01,-0.17,0.0153
1256,0.01,-0.10,0.0154
1257,-0.28,-0.13,0.0153
1258,-0.28,-0.13,0.0154
1259,-0.24,-0.12,0.0153
1260,-0.24,-0.16,0.0154
1261,-0.32,-0.06,0.0153
1262,-0.32,0.14,0.0154
1263,-0.66,0.19,0.0153
1264,-0.66,0.18,0.0154
1265,-0.37,0.14,0.0153
1266,-0.37,-0.03,0.0154
1267,0.47,-0.41,0.0153
1268,0.47,-0.62,0.0154
1269,0.53,-0.74,0.0153
1270,0.53,-0.84,0.0154
1271,0.02,-0.56,0.0153
1272,0.02,-0.45,0.0154
1273,0.19,-0.53,0.0153
1274,0.19,-0.51,0.0154
1275,0.22,-0.50,0.0153
1276,0.22,-0.62,0.0153
1277,0.53,-0.64,0.0153
1278,0.53,-0.69,0.0154
1279,0.60,-0.72,0.0153
1280,0.60,-0.66,0.0154
1281,0.47,-0.65,0.0153
1282,0.47,-0.51,0.0154
1283,0.22,-0.41,0.0153
1284,0.22,-0.32,0.0154
1285,0.14,-0.20,0.0153
1286,0.14,-0.19,0.0154
1287,0.29,-0.16,0.0153
1288,0.29,-0.14,0.0154
1289,0.32,-0.15,0.0153
1290,0.32,-0.10,0.0154
1291,0.32,-0.13,0.0153
1292,0.32,-0.07,0.0154
1293,0.26,-0.08,0.0153
1294,0.26,-0.03,0.0154
1295,0.16,0.01,0.0153
1296,0.16,0.02,0.0154
1297,0.31,-0.02,0.0153
1298,0.31,-0.18,0.0154
1299,0.71,-0.29,0.0153
1300,0.71,-0.27,0.0154
1301,0.36,-0.21,0.0153
1302,0.36,-0.09,0.0154
1303,0.08,0.03,0.0153
1304,0.08,0.08,0.0154
1305,0.31,0.01,0.0153
1306,0.31,-0.05,0.0154
1307,0.56,-0.15,0.0153
1308,0.56,-0.21,0.0154
1309,0.43,-0.15,0.0153
1310,0.43,0.00,0.0154
1311,0.09,0.06,0.0152
1312,0.09,0.09,0.0154
1313,0.27,0.07,0.0153
1314,0.27,0.03,0.0154
1315,0.43,-0.02,0.0153
1316,0.43,-0.01,0.0154
1317,0.36,-0.03,0.0152
1318,0.36,-0.04,0.0154
1319,0.37,-0.05,0.0153
1320,0.37,-0.00,0.0154
1321,0.20,0.06,0.0152
1322,0.20,0.21,0.0154
1323,-0.02,0.24,0.0153
1324,-0.02,0.29,0.0154
1325,-0.03,0.34,0.0153
1326,-0.03,0.36,0.0154
1327,-0.13,0.43,0.0153
1328,-0.13,0.50,0.0154
1329,-0.23,0.52,0.0152
1330,-0.23,0.61,0.0154
1331,-0.42,0.65,0.0153
1332,-0.42,0.67,0.0154
1333,-0.56,0.78,0.0153
1334,-0.56,0.79,0.0154
1335,-0.68,0.87,0.0153
1336,-0.68,0.79,0.0154
1337,-0.49,0.75,0.0153
1338,-0.49,0.70,0.0154
1339,-0.39,0.58,0.0153
1340,-0.39,0.51,0.0154
1341,-0.34,0.41,0.0153
1342,-0.34,0.35,0.0154
1343,-0.32,0.28,0.0153
1344,-0.32,0.21,0.0154
1345,-0.20,0.12,0.0153
1346,-0.20,0.03,0.0154
1347,-0.17,0.00,0.0153
1348,-0.17,-0.01,0.0153
1349,-0.45,0.11,0.0153
1350,-0.45,0.30,0.0154
1351,-0.96,0.47,0.0153
1352,-0.96,0.54,0.0154
1353,-0.72,0.50,0.0153
1354,-0.72,0.46,0.0154
1355,-0.51,0.36,0.0153
1356,-0.51,0.22,0.0154
1357,-0.08,-0.00,0.0153
1358,-0.08,-0.13,0.0153
1359,-0.20,-0.14,0.0153
1360,-0.20,0.03,0.0154
1361,-0.90,0.23,0.0153
1362,-0.90,0.33,0.0154
1363,-0.75,0.32,0.0153
1364,-0.75,0.24,0.0154
1365,-0.32,0.10,0.0153
1366,-0.32,-0.01,0.0154
1367,-0.22,-0.10,0.0153
1368,-0.22,-0.00,0.0154
1369,-0.76,0.12,0.0152
1370,-0.76,0.30,0.0154
1371,-0.88,0.32,0.0153
1372,-0.88,0.24,0.0154
1373,-0.16,-0.03,0.0153
1374,-0.16,-0.27,0.0154
1375,0.04,-0.35,0.0153
1376,0.04,-0.28,0.0154
1377,-0.50,-0.18,0.0153
1378,-0.50,-0.06,0.0154
1379,-0.69,0.04,0.0153
1380,-0.69,0.18,0.0154
1381,-0.80,0.24,0.0153
1382,-0.80,0.30,0.0154
1383,-0.41,0.09,0.0153
1384,-0.41,-0.22,0.0154
1385,0.39,-0.49,0.0153
1386,0.39,-0.73,0.0154
1387,0.50,-0.85,0.0153
1388,0.50,-0.62,0.0154
1389,-0.34,-0.49,0.0153
1390,-0.34,-0.41,0.0154
1391,-0.17,-0.36,0.0153
1392,-0.17,-0.22,0.0154
1393,-0.33,-0.17,0.0153
1394,-0.33,-0.10,0.0154
1395,-0.41,0.00,0.0153
1396,-0.41,-0.01,0.0153
1397,-0.24,-0.00,0.0153
1398,-0.24,-0.01,0.0153
1399,-0.01,-0.15,0.0152
1400,-0.01,-0.27,0.0154
1401,0.27,-0.40,0.0153
1402,0.27,-0.53,0.0154
1403,0.48,-0.64,0.0153
1404,0.48,-0.79,0.0154
1405,0.75,-0.90,0.0153
1406,0.75,-1.02,0.0154
1407,0.82,-1.04,0.0153
1408,0.82,-1.04,0.0154
1409,0.66,-0.95,0.0153
1410,0.66,-0.80,0.0154
1411,0.48,-0.73,0.0153
1412,0.48,-0.61,0.0154
1413,0.33,-0.47,0.0153
1414,0.33,-0.29,0.0154
1415,0.18,-0.21,0.0153
1416,0.18,-0.10,0.0154
1417,0.21,-0.06,0.0153
1418,0.21,-0.02,0.0154
1419,0.40,-0.09,0.0153
1420,0.40,-0.03,0.0154
1421,0.35,-0.07,0.0153
1422,0.35,-0.03,0.0154
1423,0.35,-0.06,0.0153
1424,0.35,-0.01,0.0154
1425,0.25,0.01,0.0153
1426,0.25,-0.01,0.0154
1427,0.59,-0.15,0.0153
1428,0.59,-0.27,0.0154
1429,0.69,-0.30,0.0153
1430,0.69,-0.31,0.0154
1431,0.52,-0.26,0.0153
1432,0.52,-0.19,0.0154
1433,0.27,-0.07,0.0153
1434,0.27,0.09,0.0154
1435,0.15,0.12,0.0153
1436,0.15,-0.01,0.0154
1437,0.71,-0.12,0.0152
1438,0.71,-0.30,0.0154
1439,0.98,-0.42,0.0153
1440,0.98,-0.26,0.0154
1441,0.35,-0.18,0.0153
1442,0.35,0.00,0.0154
1443,0.05,0.15,0.0152
1444,0.05,0.15,0.0154
1445,0.58,0.01,0.0153
1446,0.58,-0.15,0.0153
1447,1.00,-0.33,0.0153
1448,1.00,-0.34,0.0154
1449,0.54,-0.22,0.0153
1450,0.54,-0.03,0.0154
1451,-0.02,0.20,0.0153
1452,-0.02,0.37,0.0154
1453,-0.08,0.46,0.0153
1454,-0.08,0.40,0.0154
1455,0.31,0.34,0.0153
1456,0.31,0.24,0.0154
1457,0.45,0.17,0.0153
1458,0.45,-0.10,0.0154
1459,0.94,-0.24,0.0153
1460,0.94,-0.37,0.0154
1461,0.90,-0.43,0.0153
1462,0.90,-0.25,0.0154
1463,-0.43,0.30,0.0153
1464,-0.43,0.73,0.0154
1465,-0.94,1.01,0.0153
1466,-0.94,1.12,0.0154
1467,-0.18,0.88,0.0153
1468,-0.18,0.68,0.0154
1469,0.12,0.57,0.0153
1470,0.12,0.46,0.0154
1471,0.04,0.41,0.0153
1472,0.04,0.30,0.0154
1473,-0.03,0.34,0.0153
1474,-0.03,0.36,0.0154
1475,-0.23,0.40,0.0153
1476,-0.23,0.51,0.0154
1477,-0.54,0.60,0.0153
1478,-0.54,0.68,0.0154
1479,-0.70,0.77,0.0153
1480,-0.70,0.76,0.0154
1481,-0.68,0.80,0.0153
1482,-0.68,0.70,0.0154
1483,-0.40,0.60,0.0153
1484,-0.40,0.43,0.0154
1485,-0.16,0.31,0.0153
1486,-0.16,0.21,0.0154
1487,-0.15,0.12,0.0153
1488,-0.15,0.06,0.0154
1489,-0.15,0.00,0.0153
1490,-0.15,-0.00,0.0153
1491,-0.50,0.15,0.0152
1492,-0.50,0.28,0.0154
1493,-0.81,0.42,0.0153
1494,-0.81,0.45,0.0154
1495,-0.62,0.42,0.0153
1496,-0.62,0.36,0.0154
1497,-0.33,0.23,0.0153
1498,-0.33,0.09,0.0154
1499,-0.06,-0.06,0.0153
1500,-0.06,-0.07,0.0154
1501,-0.43,-0.00,0.0153
1502,-0.43,0.10,0.0153
1503,-0.83,0.28,0.0153
1504,-0.83,0.35,0.0154
1505,-0.62,0.29,0.0153
1506,-0.62,0.19,0.0154
1507,-0.29,0.08,0.0153
1508,-0.29,-0.09,0.0154
1509,-0.10,-0.16,0.0153
1510,-0.10,-0.06,0.0154
1511,-0.70,0.08,0.0153
1512,-0.70,0.20,0.0154
1513,-0.94,0.35,0.0153
1514,-0.94,0.17,0.0154
1515,-0.12,-0.01,0.0153
1516,-0.12,-0.19,0.0154
1517,0.06,-0.33,0.0153
1518,0.06,-0.32,0.0154
1519,-0.36,-0.23,0.0153
1520,-0.36,-0.13,0.0154
1521,-0.55,-0.04,0.0153
1522,-0.55,0.06,0.0154
1523,-0.99,0.33,0.0153
1524,-0.99,0.48,0.0154
1525,-1.27,0.69,0.0153
1526,-1.27,0.12,0.0154
1527,0.58,-0.27,0.0153
1528,0.58,-0.44,0.0154
1529,0.23,-0.59,0.0153
1530,0.23,-0.60,0.0154
1531,-0.05,-0.56,0.0153
1532,-0.05,-0.49,0.0154
1533,-0.23,-0.40,0.0153
1534,-0.23,-0.18,0.0154
1535,-0.45,-0.15,0.0153
1536,-0.45,0.01,0.0154
1537,-0.66,0.13,0.0152
1538,-0.66,0.12,0.0154
1539,-0.43,0.14,0.0153
1540,-0.43,0.16,0.0154
1541,-0.07,-0.09,0.0153
1542,-0.07,-0.47,0.0154
1543,0.86,-0.77,0.0153
1544,0.86,-0.83,0.0154
1545,0.37,-0.81,0.0153
1546,0.37,-0.61,0.0154
1547,-0.21,-0.44,0.0153
1548,-0.21,-0.41,0.0154
1549,-0.24,-0.18,0.0153
1550,-0.24,-0.07,0.0154
1551,-0.52,0.15,0.0153
1552,-0.52,0.26,0.0154
1553,-0.34,0.22,0.0153
1554,-0.34,0.21,0.0154
1555,-0.18,0.15,0.0153
1556,-0.18,0.04,0.0154
1557,0.33,-0.21,0.0153
1558,0.33,-0.36,0.0154
1559,0.42,-0.46,0.0153
1560,0.42,-0.47,0.0154
1561,0.26,-0.47,0.0153
1562,0.26,-0.54,0.0154
1563,-0.00,-0.29,0.0153
1564,-0.00,-0.11,0.0154
1565,-0.10,-0.11,0.0153
1566,-0.10,-0.14,0.0154
1567,-0.00,-0.06,0.0153
1568,-0.00,-0.03,0.0154
1569,-0.03,-0.01,0.0153
1570,-0.03,0.02,0.0154
1571,-0.01,0.00,0.0153
1572,-0.01,0.03,0.0153
1573,-0.09,0.06,0.0153
1574,-0.09,0.07,0.0154
1575,-0.12,0.11,0.0153
1576,-0.12,0.14,0.0154
1577,-0.23,0.19,0.0153
1578,-0.23,0.28,0.0154
1579,-0.42,0.34,0.0153
1580,-0.42,0.42,0.0154
1581,-0.10,0.21,0.0153
1582,-0.10,0.14,0.0154
1583,-0.17,0.17,0.0153
1584,-0.17,0.11,0.0154
1585,-0.13,0.11,0.0153
1586,-0.13,0.16,0.0154
1587,-0.29,0.17,0.0153
1588,-0.29,0.23,0.0154
1589,-0.44,0.28,0.0153
1590,-0.44,0.29,0.0154
1591,-0.43,0.32,0.0153
1592,-0.43,0.32,0.0154
1593,-0.51,0.38,0.0153
1594,-0.51,0.37,0.0154
1595,-0.46,0.35,0.0153
1596,-0.46,0.33,0.0154
1597,-0.45,0.31,0.0153
1598,-0.45,0.27,0.0154
1599,-0.48,0.28,0.0153
1600,-0.48,0.20,0.0154
1601,-0.27,0.12,0.0153
1602,-0.27,0.06,0.0154
1603,-0.19,-0.02,0.0153
1604,-0.19,-0.11,0.0154
1605,-0.15,-0.13,0.0153
1606,-0.15,-0.04,0.0154
1607,-0.47,0.01,0.0153
1608,-0.47,0.05,0.0154
1609,-0.50,0.11,0.0153
1610,-0.50,0.11,0.0154
1611,-0.33,0.06,0.0153
1612,-0.33,-0.27,0.0154
1613,0.51,-0.49,0.0153
1614,0.51,-0.51,0.0154
1615,0.04,-0.48,0.0153
1616,0.04,-0.34,0.0154
1617,-0.14,-0.34,0.0153
1618,-0.14,-0.41,0.0154
1619,0.04,-0.35,0.0153
1620,0.04,-0.32,0.0154
1621,0.02,-0.32,0.0153
1622,0.02,-0.37,0.0154
1623,0.17,-0.37,0.0153
1624,0.17,-0.44,0.0154
1625,0.35,-0.49,0.0153
1626,0.35,-0.56,0.0154
1627,0.53,-0.64,0.0153
1628,0.53,-0.74,0.0154
1629,0.71,-0.79,0.0153
1630,0.71,-0.82,0.0154
1631,0.60,-0.76,0.0153
1632,0.60,-0.68,0.0154
1633,0.41,-0.58,0.0153
1634,0.41,-0.43,0.0154
1635,0.19,-0.31,0.0153
1636,0.19,-0.14,0.0154
1637,0.06,-0.06,0.0153
1638,0.06,-0.02,0.0154
1639,0.25,-0.03,0.0153
1640,0.25,0.01,0.0154
1641,0.27,-0.02,0.0153
1642,0.27,-0.07,0.0154
1643,0.49,-0.15,0.0153
1644,0.49,-0.20,0.0154
1645,0.54,-0.24,0.0153
1646,0.54,-0.24,0.0154
1647,0.41,-0.20,0.0153
1648,0.41,-0.15,0.0154
1649,0.25,-0.07,0.0153
1650,0.25,0.01,0.0154
1651,0.11,0.09,0.0152
1652,0.11,0.04,0.0154
1653,0.42,-0.01,0.0153
1654,0.42,-0.11,0.0154
1655,0.56,-0.15,0.0153
1656,0.56,0.01,0.0154
1657,0.09,0.06,0.0153
1658,0.09,-0.02,0.0154
1659,0.47,-0.05,0.0153
1660,0.47,-0.11,0.0154
1661,0.44,-0.09,0.0153
1662,0.44,0.04,0.0154
1663,0.14,0.07,0.0153
1664,0.14,0.06,0.0154
1665,0.24,0.10,0.0153
1666,0.24,0.13,0.0154
1667,0.13,0.18,0.0153
1668,0.13,0.08,0.0154
1669,0.53,-0.04,0.0153
1670,0.53,-0.09,0.0154
1671,0.37,-0.06,0.0153
1672,0.37,0.06,0.0154
1673,0.07,0.12,0.0153
1674,0.07,0.22,0.0154
1675,-0.12,0.33,0.0153
1676,-0.12,0.40,0.0154
1677,-0.24,0.50,0.0153
1678,-0.24,0.62,0.0154
1679,-0.51,0.73,0.0153
1680,-0.51,0.67,0.0154
1681,-0.16,0.60,0.0153
1682,-0.16,0.55,0.0154
1683,-0.26,0.55,0.0153
1684,-0.26,0.56,0.0154
1685,-0.47,0.62,0.0153
1686,-0.47,0.66,0.0154
1687,-0.59,0.69,0.0153
1688,-0.59,0.69,0.0154
1689,-0.62,0.71,0.0153
1690,-0.62,0.69,0.0154
1691,-0.54,0.63,0.0153
1692,-0.54,0.49,0.0154
1693,-0.36,0.43,0.0153
1694,-0.36,0.27,0.0154
1695,-0.21,0.20,0.0153
1696,-0.21,0.14,0.0154
1697,-0.28,0.10,0.0153
1698,-0.28,0.14,0.0154
1699,-0.42,0.13,0.0153
1700,-0.42,0.13,0.0154
1701,-0.35,0.09,0.0153
1702,-0.35,0.07,0.0154
1703,-0.35,0.07,0.0153
1704,-0.35,0.04,0.0154
1705,-0.30,0.01,0.0153
1706,-0.30,-0.04,0.0154
1707,-0.29,-0.02,0.0153
1708,-0.29,0.14,0.0154
1709,-0.93,0.35,0.0153
1710,-0.93,0.55,0.0154
1711,-0.92,0.53,0.0153
1712,-0.92,0.34,0.0154
1713,-0.19,0.16,0.0153
1714,-0.19,-0.06,0.0154
1715,0.04,-0.21,0.0153
1716,0.04,-0.17,0.0154
1717,-0.52,-0.06,0.0153
1718,-0.52,0.08,0.0154
1719,-0.80,0.20,0.0153
1720,-0.80,0.25,0.0154
1721,-0.50,0.15,0.0153
1722,-0.50,0.07,0.0154
1723,0.09,-0.24,0.0153
1724,0.09,-0.36,0.0154
1725,0.06,-0.44,0.0153
1726,0.06,-0.40,0.0154
1727,-0.15,-0.39,0.0153
1728,-0.15,-0.37,0.0154
1729,-0.05,-0.40,0.0153
1730,-0.05,-0.44,0.0154
1731,0.14,-0.50,0.0153
1732,0.14,-0.56,0.0154
1733,0.33,-0.63,0.0153
1734,0.33,-0.63,0.0154
1735,0.23,-0.61,0.0153
1736,0.23,-0.66,0.0154
1737,0.37,-0.65,0.0153
1738,0.37,-0.68,0.0154
1739,0.52,-0.72,0.0153
1740,0.52,-0.75,0.0154
1741,0.65,-0.80,0.0153
1742,0.65,-0.73,0.0154
1743,0.51,-0.70,0.0153
1744,0.51,-0.64,0.0154
1745,0.48,-0.59,0.0153
1746,0.48,-0.58,0.0154
1747,0.46,-0.48,0.0153
1748,0.46,-0.44,0.0154
1749,0.39,-0.34,0.0153
1750,0.39,-0.31,0.0154
1751,0.38,-0.24,0.0153
1752,0.38,-0.15,0.0154
1753,0.23,-0.07,0.0153
1754,0.23,-0.05,0.0154
1755,0.35,-0.05,0.0153
1756,0.35,-0.07,0.0154
1757,0.47,-0.11,0.0153
1758,0.47,-0.11,0.0154
1759,0.53,-0.17,0.0153
1760,0.53,-0.13,0.0154
1761,0.46,-0.15,0.0153
1762,0.46,-0.12,0.0154
1763,0.38,-0.08,0.0153
1764,0.38,-0.10,0.0154
1765,0.41,-0.05,0.0153
1766,0.41,-0.04,0.0154
1767,0.37,-0.01,0.0153
1768,0.37,0.03,0.0154
1769,0.38,0.01,0.0153
1770,0.38,-0.19,0.0153
1771,1.12,-0.44,0.0153
1772,1.12,-0.75,0.0154
1773,1.01,-0.59,0.0153
1774,1.01,-0.64,0.0154
1775,0.70,-0.46,0.0153
1776,0.70,-0.21,0.0154
1777,-0.02,0.09,0.0153
1778,-0.02,0.32,0.0154
1779,-0.07,0.43,0.0153
1780,-0.07,0.42,0.0154
1781,0.37,0.32,0.0153
1782,0.37,0.12,0.0154
1783,0.95,-0.12,0.0153
1784,0.95,-0.49,0.0154
1785,1.64,-0.78,0.0153
1786,1.64,-1.13,0.0154
1787,0.67,-0.51,0.0153
1788,0.67,0.04,0.0154
1789,-0.54,0.41,0.0153
1790,-0.54,0.60,0.0154
1791,0.15,0.48,0.0153
1792,0.15,0.20,0.0154
1793,1.14,-0.11,0.0153
1794,1.14,-0.39,0.0154
1795,1.43,-0.62,0.0153
1796,1.43,-0.54,0.0154
1797,-0.01,0.02,0.0153
1798,-0.01,0.30,0.0154
1799,-0.25,0.52,0.0153
1800,-0.25,0.64,0.0154
1801,-0.03,0.64,0.0153
1802,-0.03,0.55,0.0154
1803,0.48,0.36,0.0153
1804,0.48,0.22,0.0154
1805,0.86,-0.06,0.0153
1806,0.86,-0.35,0.0154
1807,1.15,-0.46,0.0153
1808,1.15,-0.63,0.0154
1809,0.16,-0.06,0.0153
1810,0.16,0.44,0.0154
1811,-0.81,0.76,0.0153
1812,-0.81,0.95,0.0154
1813,-0.60,1.05,0.0153
1814,-0.60,0.79,0.0154
1815,0.55,0.45,0.0153
1816,0.55,0.18,0.0154
1817,0.80,-0.08,0.0153
1818,0.80,-0.38,0.0154
1819,1.15,-0.58,0.0153
1820,1.15,-0.67,0.0154
1821,0.12,-0.20,0.0153
1822,0.12,0.30,0.0154
1823,-0.94,0.68,0.0153
1824,-0.94,0.92,0.0154
1825,-0.97,1.15,0.0153
1826,-0.97,0.70,0.0154
1827,0.56,0.41,0.0153
1828,0.56,0.19,0.0154
1829,0.96,-0.27,0.0153
1830,0.96,-0.62,0.0154
1831,1.23,-0.81,0.0153
1832,1.23,-0.91,0.0154
1833,-0.10,-0.25,0.0153
1834,-0.10,0.26,0.0154
1835,-1.15,0.72,0.0153
1836,-1.15,1.08,0.0154
1837,-1.12,1.20,0.0153
1838,-1.12,0.75,0.0154
1839,0.30,0.54,0.0153
1840,0.30,0.24,0.0154
1841,0.67,-0.10,0.0153
1842,0.67,-0.23,0.0154
1843,0.35,-0.26,0.0153
1844,0.35,-0.20,0.0154
1845,0.04,-0.14,0.0153
1846,0.04,0.06,0.0154
1847,-0.80,0.44,0.0153
1848,-0.80,0.66,0.0154
1849,-0.82,0.76,0.0153
1850,-0.82,0.55,0.0154
1851,0.07,0.35,0.0153
1852,0.07,0.10,0.0154
1853,0.19,0.02,0.0153
1854,0.19,-0.19,0.0154
1855,0.42,-0.30,0.0153
1856,0.42,-0.27,0.0154
1857,-0.09,-0.16,0.0153
1858,-0.09,-0.08,0.0154
1859,-0.25,0.03,0.0153
1860,-0.25,0.14,0.0154
1861,-0.45,0.26,0.0153
1862,-0.45,0.35,0.0154
1863,-0.56,0.44,0.0153
1864,-0.56,0.56,0.0154
1865,-0.39,0.41,0.0153
1866,-0.39,-0.02,0.0154
1867,0.51,-0.18,0.0153
1868,0.51,-0.21,0.0154
1869,-0.09,-0.14,0.0153
1870,-0.09,-0.02,0.0154
1871,-0.37,0.07,0.0153
1872,-0.37,0.32,0.0154
1873,-0.84,0.46,0.0153
1874,-0.84,0.57,0.0154
1875,-1.10,0.82,0.0153
1876,-1.10,0.37,0.0154
1877,0.38,0.07,0.0153
1878,0.38,-0.30,0.0154
1879,0.84,-0.64,0.0153
1880,0.84,-0.85,0.0154
1881,0.90,-1.04,0.0153
1882,0.90,-0.59,0.0154
1883,-0.64,-0.26,0.0153
1884,-0.64,0.06,0.0154
1885,-1.28,0.59,0.0153
1886,-1.28,0.97,0.0154
1887,-1.23,0.99,0.0153
1888,-1.23,0.56,0.0154
1889,0.43,0.15,0.0153
1890,0.43,-0.23,0.0154
1891,0.79,-0.55,0.0153
1892,0.79,-0.84,0.0154
1893,0.69,-0.85,0.0153
1894,0.69,-0.51,0.0154
1895,-0.51,-0.24,0.0153
1896,-0.51,0.01,0.0154
1897,-0.89,0.36,0.0153
1898,-0.89,0.49,0.0154
1899,-0.61,0.50,0.0153
1900,-0.61,0.13,0.0154
1901,0.47,-0.11,0.0153
1902,0.47,-0.35,0.0154
1903,0.54,-0.49,0.0153
1904,0.54,-0.55,0.0154
1905,0.43,-0.61,0.0153
1906,0.43,-0.62,0.0154
1907,0.13,-0.46,0.0153
1908,0.13,-0.21,0.0154
1909,-0.29,-0.08,0.0153
1910,-0.29,0.01,0.0154
1911,0.04,-0.07,0.0153
1912,0.04,-0.18,0.0154
1913,0.51,-0.34,0.0153
1914,0.51,-0.50,0.0154
1915,0.60,-0.54,0.0153
1916,0.60,-0.53,0.0154
1917,0.56,-0.59,0.0153
1918,0.56,-0.49,0.0154
1919,0.42,-0.49,0.0153
1920,0.42,-0.38,0.0154
1921,0.28,-0.32,0.0153
1922,0.28,-0.21,0.0154
1923,0.17,-0.14,0.0153
1924,0.17,-0.10,0.0154
1925,0.17,-0.03,0.0153
1926,0.17,0.01,0.0154
1927,0.27,-0.03,0.0152
1928,0.27,-0.09,0.0154
1929,0.47,-0.15,0.0153
1930,0.47,-0.23,0.0154
1931,0.50,-0.22,0.0153
1932,0.50,-0.25,0.0154
1933,0.52,-0.26,0.0153
1934,0.52,-0.20,0.0154
1935,0.28,-0.12,0.0153
1936,0.28,-0.01,0.0154
1937,0.14,0.05,0.0153
1938,0.14,0.09,0.0154
1939,0.33,0.03,0.0153
1940,0.33,-0.17,0.0154
1941,1.00,-0.39,0.0153
1942,1.00,-0.65,0.0154
1943,1.18,-0.72,0.0153
1944,1.18,-0.44,0.0154
1945,0.10,-0.20,0.0153
1946,0.10,0.19,0.0154
1947,-0.55,0.50,0.0153
1948,-0.55,0.72,0.0154
1949,-0.37,0.76,0.0153
1950,-0.37,0.64,0.0154
1951,0.54,0.30,0.0153
1952,0.54,0.11,0.0154
1953,1.09,-0.31,0.0153
1954,1.09,-0.77,0.0154
1955,1.79,-1.06,0.0153
1956,1.79,-0.89,0.0154
1957,0.08,-0.38,0.0153
1958,0.08,-0.08,0.0154
1959,-0.62,0.45,0.0153
1960,-0.62,0.87,0.0154
1961,-1.18,1.24,0.0153
1962,-1.18,1.28,0.0154
1963,-0.00,0.89,0.0153
1964,-0.00,0.72,0.0154
1965,0.22,0.50,0.0153
1966,0.22,0.24,0.0154
1967,0.62,0.01,0.0153
1968,0.62,-0.17,0.0153
1969,0.62,-0.27,0.0153
1970,0.62,-0.35,0.0154
1971,0.55,-0.37,0.0153
1972,0.55,-0.39,0.0154
1973,-0.20,0.05,0.0153
1974,-0.20,0.36,0.0154
1975,-0.71,0.60,0.0153
1976,-0.71,0.75,0.0154
1977,-0.11,0.51,0.0153
1978,-0.11,0.35,0.0154
1979,0.11,0.29,0.0153
1980,0.11,0.20,0.0154
1981,0.03,0.20,0.0153
1982,0.03,0.20,0.0154
1983,-0.05,0.18,0.0153
1984,-0.05,0.27,0.0154
1985,-0.31,0.32,0.0153
1986,-0.31,0.43,0.0154
1987,-0.46,0.47,0.0153
1988,-0.46,0.54,0.0154
1989,-0.61,0.62,0.0153
1990,-0.61,0.61,0.0154
1991,-0.55,0.62,0.0153
1992,-0.55,0.53,0.0154
1993,-0.38,0.49,0.0153
1994,-0.38,0.42,0.0154
1995,-0.28,0.32,0.0153
1996,-0.28,0.21,0.0154
1997,-0.12,0.11,0.0153
1998,-0.12,0.04,0.0154
1999,-0.13,-0.01,0.0153
2000,-0.13,0.02,0.0154
2001,-0.59,0.20,0.0153
2002,-0.59,0.28,0.0154
2003,-0.66,0.35,0.0153
2004,-0.66,0.39,0.0154
2005,-0.46,0.29,0.0153
2006,-0.46,0.28,0.0154
2007,-0.36,0.18,0.0153
2008,-0.36,0.04,0.0154
2009,-0.09,-0.06,0.0153
2010,-0.09,-0.13,0.0154
2011,-0.41,0.01,0.0153
2012,-0.41,0.19,0.0153
2013,-0.95,0.37,0.0153
2014,-0.95,0.51,0.0154
2015,-0.87,0.50,0.0153
2016,-0.87,0.36,0.0154
2017,-0.38,0.25,0.0153
2018,-0.38,0.03,0.0154
2019,-0.05,-0.11,0.0153
2020,-0.05,-0.25,0.0154
2021,-0.06,-0.30,0.0153
2022,-0.06,-0.19,0.0154
2023,-0.66,-0.02,0.0153
2024,-0.66,0.24,0.0154
2025,-1.27,0.51,0.0153
2026,-1.27,0.71,0.0154
2027,-1.02,0.63,0.0153
2028,-1.02,0.41,0.0154
2029,-0.16,0.13,0.0153
2030,-0.16,-0.20,0.0154
2031,0.24,-0.41,0.0153
2032,0.24,-0.51,0.0154
2033,-0.20,-0.41,0.0153
2034,-0.20,-0.20,0.0154
2035,-0.90,0.04,0.0153
2036,-0.90,0.21,0.0154
2037,-1.10,0.41,0.0153
2038,-1.10,0.63,0.0154
2039,-0.36,0.14,0.0153
2040,-0.36,-0.16,0.0154
2041,0.18,-0.35,0.0153
2042,0.18,-0.32,0.0154
2043,-0.55,-0.16,0.0153
2044,-0.55,0.01,0.0154
2045,-0.89,0.17,0.0153
2046,-0.89,0.32,0.0154
2047,-0.97,0.39,0.0153
2048,-0.97,0.12,0.0154
2049,0.05,-0.13,0.0153
2050,0.05,-0.35,0.0154
2051,0.12,-0.46,0.0153
2052,0.12,-0.43,0.0154
2053,-0.34,-0.33,0.0153
2054,-0.34,-0.25,0.0154
2055,-0.46,-0.17,0.0153
2056,-0.46,-0.12,0.0154
2057,-1.00,0.26,0.0153
2058,-1.00,0.61,0.0154
2059,-1.63,0.87,0.0153
2060,-1.63,0.57,0.0154
2061,-0.10,0.23,0.0153
2062,-0.10,-0.22,0.0154
2063,0.88,-0.75,0.0153
2064,0.88,-1.16,0.0154
2065,1.12,-1.40,0.0153
2066,1.12,-1.17,0.0154
2067,-0.19,-0.88,0.0153
2068,-0.19,-0.63,0.0154
2069,-0.58,-0.30,0.0153
2070,-0.58,-0.17,0.0154
2071,-0.95,0.28,0.0153
2072,-0.95,0.63,0.0154
2073,-1.34,0.83,0.0153
2074,-1.34,0.51,0.0154
2075,0.09,0.21,0.0153
2076,0.09,-0.33,0.0154
2077,0.95,-0.67,0.0153
2078,0.95,-0.85,0.0154
2079,0.60,-0.92,0.0153
2080,0.60,-0.95,0.0154
2081,-0.08,-0.59,0.0153
2082,-0.08,-0.31,0.0154
2083,-0.52,-0.09,0.0153
2084,-0.52,0.04,0.0153
2085,-0.43,0.13,0.0153
2086,-0.43,0.20,0.0154
2087,-0.39,0.23,0.0153
2088,-0.39,0.17,0.0154
2089,0.33,-0.16,0.0153
2090,0.33,-0.40,0.0154
2091,0.50,-0.48,0.0153
2092,0.50,-0.56,0.0154
2093,0.30,-0.51,0.0153
2094,0.30,-0.51,0.0154
2095,-0.01,-0.31,0.0153
2096,-0.01,-0.22,0.0154
2097,-0.15,-0.09,0.0153
2098,-0.15,-0.03,0.0154
2099,-0.21,0.08,0.0153
2100,-0.21,0.11,0.0154
2101,-0.13,0.12,0.0153
2102,-0.13,0.10,0.0154
2103,-0.06,0.09,0.0153
2104,-0.06,0.11,0.0154
2105,0.13,-0.05,0.0153
2106,0.13,-0.13,0.0154
2107,0.12,-0.12,0.0153
2108,0.12,-0.12,0.0154
2109,0.01,-0.08,0.0153
2110,0.01,-0.08,0.0154
2111,0.02,-0.06,0.0153
2112,0.02,-0.01,0.0154
2113,0.03,-0.05,0.0152
2114,0.03,0.06,0.0154
2115,-0.21,0.10,0.0153
2116,-0.21,0.14,0.0154
2117,-0.30,0.24,0.0153
2118,-0.30,0.28,0.0154
2119,-0.39,0.35,0.0153
2120,-0.39,0.41,0.0154
2121,-0.43,0.42,0.0153
2122,-0.43,0.22,0.0154
2123,0.00,0.17,0.0153
2124,0.00,0.04,0.0154
2125,0.08,-0.03,0.0153
2126,0.08,0.03,0.0154
2127,-0.26,0.07,0.0153
2128,-0.26,0.20,0.0154
2129,-0.37,0.19,0.0153
2130,-0.37,0.16,0.0154
2131,-0.33,0.22,0.0153
2132,-0.33,0.18,0.0154
2133,-0.27,0.19,0.0153
2134,-0.27,0.13,0.0154
2135,-0.17,0.10,0.0153
2136,-0.17,0.10,0.0154
2137,-0.27,0.10,0.0153
2138,-0.27,0.07,0.0154
2139,-0.15,0.02,0.0153
2140,-0.15,0.01,0.0154
2141,-0.20,0.01,0.0153
2142,-0.20,-0.02,0.0153
2143,-0.25,0.03,0.0153
2144,-0.25,0.06,0.0154
2145,-0.18,-0.00,0.0153
2146,-0.18,-0.01,0.0153
2147,-0.22,0.00,0.0153
2148,-0.22,0.00,0.0153
2149,-0.24,0.02,0.0152
2150,-0.24,-0.01,0.0154
2151,-0.13,-0.04,0.0152
2152,-0.13,-0.06,0.0154
2153,-0.06,-0.11,0.0153
2154,-0.06,-0.15,0.0154
2155,0.03,-0.21,0.0153
2156,0.03,-0.25,0.0154
2157,0.12,-0.29,0.0153
2158,0.12,-0.37,0.0154
2159,0.07,-0.30,0.0153
2160,0.07,-0.28,0.0154
2161,0.16,-0.34,0.0153
2162,0.16,-0.31,0.0154
2163,0.27,-0.41,0.0153
2164,0.27,-0.42,0.0154
2165,0.39,-0.50,0.0153
2166,0.39,-0.55,0.0154
2167,0.44,-0.54,0.0153
2168,0.44,-0.60,0.0154
2169,0.57,-0.61,0.0153
2170,0.57,-0.59,0.0154
2171,0.43,-0.53,0.0153
2172,0.43,-0.45,0.0154
2173,0.19,-0.31,0.0153
2174,0.19,-0.25,0.0154
2175,0.19,-0.16,0.0153
2176,0.19,-0.15,0.0154
2177,0.18,-0.07,0.0153
2178,0.18,-0.05,0.0154
2179,0.23,-0.03,0.0153
2180,0.23,-0.07,0.0154
2181,0.41,-0.13,0.0153
2182,0.41,-0.12,0.0154
2183,0.37,-0.14,0.0153
2184,0.37,-0.12,0.0154
2185,0.33,-0.12,0.0153
2186,0.33,-0.08,0.0154
2187,0.23,-0.04,0.0153
2188,0.23,0.03,0.0154
2189,0.11,0.08,0.0153
2190,0.11,0.06,0.0154
2191,0.38,-0.02,0.0153
2192,0.38,-0.03,0.0154
2193,0.37,-0.07,0.0153
2194,0.37,-0.18,0.0154
2195,0.35,-0.08,0.0153
2196,0.35,0.12,0.0154
2197,-0.28,0.30,0.0153
2198,-0.28,0.30,0.0154
2199,0.13,0.25,0.0153
2200,0.13,0.20,0.0154
2201,0.20,0.16,0.0153
2202,0.20,0.30,0.0154
2203,0.30,0.04,0.0153
2204,0.30,-0.03,0.0154
2205,0.36,-0.07,0.0153
2206,0.36,-0.04,0.0154
2207,0.16,-0.00,0.0153
2208,0.16,0.01,0.0153
2209,0.17,0.03,0.0152
2210,0.17,0.05,0.0154
2211,0.16,0.05,0.0153
2212,0.16,0.11,0.0154
2213,0.08,0.11,0.0153
2214,0.08,0.16,0.0154
2215,0.00,0.18,0.0153
2216,0.00,0.07,0.0154
2217,0.23,0.08,0.0153
2218,0.23,0.08,0.0154
2219,0.18,0.04,0.0153
2220,0.18,0.01,0.0154
2221,0.21,-0.00,0.0152
2222,0.21,0.03,0.0153
2223,0.06,0.06,0.0153
2224,0.06,0.08,0.0154
2225,0.08,0.09,0.0153
2226,0.08,0.12,0.0154
2227,-0.00,0.15,0.0153
2228,-0.00,0.17,0.0154
2229,-0.06,0.20,0.0153
2230,-0.06,0.22,0.0154
2231,-0.12,0.26,0.0153
2232,-0.12,0.32,0.0154
2233,-0.26,0.37,0.0153
2234,-0.26,0.41,0.0154
2235,-0.34,0.45,0.0153
2236,-0.34,0.48,0.0154
2237,-0.42,0.52,0.0153
2238,-0.42,0.55,0.0154
2239,-0.45,0.54,0.0153
2240,-0.45,0.50,0.0154
2241,-0.34,0.46,0.0153
2242,-0.34,0.38,0.0154
2243,-0.27,0.34,0.0153
2244,-0.27,0.27,0.0154
2245,-0.16,0.18,0.0153
2246,-0.16,0.13,0.0154
2247,-0.17,0.09,0.0153
2248,-0.17,0.11,0.0154
2249,-0.30,0.11,0.0153
2250,-0.30,0.10,0.0154
2251,-0.25,0.09,0.0153
2252,-0.25,0.06,0.0154
2253,-0.25,0.07,0.0153
2254,-0.25,0.05,0.0154
2255,-0.27,0.06,0.0153
2256,-0.27,0.05,0.0154
2257,-0.23,0.04,0.0153
2258,-0.23,0.02,0.0154
2259,-0.23,0.02,0.0153
2260,-0.23,-0.02,0.0154
2261,-0.16,-0.04,0.0153
2262,-0.16,-0.02,0.0154
2263,-0.24,-0.02,0.0153
2264,-0.24,-0.04,0.0154
2265,-0.19,-0.04,0.0153
2266,-0.19,0.09,0.0154
2267,-0.80,0.33,0.0153
2268,-0.80,0.38,0.0154
2269,-0.63,0.41,0.0153
2270,-0.63,-0.02,0.0154
2271,0.49,-0.25,0.0153
2272,0.49,-0.51,0.0154
2273,0.19,-0.43,0.0153
2274,0.19,-0.16,0.0154
2275,-0.54,-0.06,0.0153
2276,-0.54,0.06,0.0154
2277,-0.16,-0.08,0.0153
2278,-0.16,-0.11,0.0154
2279,-0.01,-0.17,0.0153
2280,-0.01,-0.11,0.0154
2281,-0.07,-0.18,0.0153
2282,-0.07,-0.20,0.0154
2283,0.08,-0.26,0.0153
2284,0.08,-0.36,0.0154
2285,0.24,-0.39,0.0153
2286,0.24,-0.48,0.0154
2287,0.40,-0.54,0.0153
2288,0.40,-0.64,0.0154
2289,0.62,-0.72,0.0153
2290,0.62,-0.79,0.0154
2291,0.57,-0.75,0.0153
2292,0.57,-0.72,0.0154
2293,0.47,-0.66,0.0153
2294,0.47,-0.59,0.0154
2295,0.32,-0.48,0.0153
2296,0.32,-0.35,0.0154
2297,0.16,-0.25,0.0153
2298,0.16,-0.15,0.0154
2299,0.16,-0.10,0.0153
2300,0.16,-0.03,0.0154
2301,0.17,-0.02,0.0153
2302,0.17,-0.00,0.0154
2303,0.27,-0.03,0.0152
2304,0.27,-0.10,0.0154
2305,0.47,-0.16,0.0153
2306,0.47,-0.15,0.0154
2307,0.39,-0.17,0.0153
2308,0.39,-0.17,0.0154
2309,0.42,-0.19,0.0153
2310,0.42,-0.15,0.0154
2311,0.27,-0.09,0.0153
2312,0.27,-0.04,0.0154
2313,0.22,-0.01,0.0153
2314,0.22,0.04,0.0153
2315,0.19,0.07,0.0153
2316,0.19,0.01,0.0154
2317,0.39,-0.02,0.0152
2318,0.39,-0.01,0.0154
2319,0.35,-0.04,0.0152
2320,0.35,-0.05,0.0154
2321,0.36,-0.06,0.0153
2322,0.36,-0.01,0.0154
2323,-0.16,0.25,0.0153
2324,-0.16,0.37,0.0154
2325,-0.10,0.37,0.0153
2326,-0.10,0.41,0.0154
2327,-0.17,0.46,0.0153
2328,-0.17,0.50,0.0154
2329,-0.08,0.43,0.0153
2330,-0.08,0.58,0.0154
2331,-0.32,0.53,0.0153
2332,-0.32,0.45,0.0154
2333,-0.31,0.55,0.0153
2334,-0.31,0.47,0.0154
2335,-0.22,0.47,0.0153
2336,-0.22,0.58,0.0154
2337,-0.53,0.59,0.0153
2338,-0.53,0.65,0.0154
2339,-0.65,0.69,0.0153
2340,-0.65,0.60,0.0154
2341,-0.48,0.60,0.0153
2342,-0.48,0.42,0.0154
2343,-0.16,0.32,0.0153
2344,-0.16,0.18,0.0154
2345,-0.06,0.08,0.0153
2346,-0.06,0.11,0.0154
2347,-0.34,0.11,0.0153
2348,-0.34,0.11,0.0154
2349,-0.36,0.13,0.0153
2350,-0.36,0.09,0.0154
2351,-0.29,0.10,0.0153
2352,-0.29,0.05,0.0154
2353,-0.19,0.01,0.0153
2354,-0.19,0.04,0.0153
2355,-0.43,0.10,0.0153
2356,-0.43,0.15,0.0154
2357,-0.39,0.13,0.0153
2358,-0.39,0.09,0.0154
2359,-0.35,0.11,0.0153
2360,-0.35,0.02,0.0154
2361,-0.15,-0.03,0.0153
2362,-0.15,-0.03,0.0154
2363,-0.35,0.01,0.0153
2364,-0.35,0.12,0.0154
2365,-0.62,0.20,0.0153
2366,-0.62,0.14,0.0154
2367,-0.21,0.05,0.0153
2368,-0.21,-0.10,0.0154
2369,-0.05,-0.14,0.0153
2370,-0.05,-0.11,0.0154
2371,-0.32,-0.08,0.0153
2372,-0.32,-0.02,0.0154
2373,-0.36,-0.01,0.0153
2374,-0.36,0.02,0.0154
2375,-0.63,0.19,0.0153
2376,-0.63,0.16,0.0154
2377,-0.44,0.18,0.0153
2378,-0.44,0.17,0.0154
2379,-0.11,-0.04,0.0153
2380,-0.11,-0.55,0.0154
2381,0.89,-0.77,0.0153
2382,0.89,-0.80,0.0154
2383,0.19,-0.71,0.0153
2384,0.19,-0.34,0.0154
2385,-0.47,-0.23,0.0153
2386,-0.47,-0.15,0.0154
2387,-0.60,0.14,0.0153
2388,-0.60,0.20,0.0154
2389,-0.28,0.14,0.0153
2390,-0.28,0.09,0.0154
2391,0.05,-0.07,0.0153
2392,0.05,-0.14,0.0154
2393,0.33,-0.35,0.0153
2394,0.33,-0.50,0.0154
2395,0.59,-0.65,0.0153
2396,0.59,-0.79,0.0154
2397,0.80,-0.91,0.0153
2398,0.80,-0.66,0.0154
2399,-0.18,-0.40,0.0153
2400,-0.18,-0.17,0.0154
2401,-0.14,-0.11,0.0153
2402,-0.14,-0.04,0.0154
2403,-0.16,0.07,0.0153
2404,-0.16,0.08,0.0154
2405,0.17,-0.03,0.0153
2406,0.17,-0.20,0.0154
2407,0.71,-0.42,0.0153
2408,0.71,-0.55,0.0154
2409,0.63,-0.56,0.0153
2410,0.63,-0.70,0.0154
2411,0.63,-0.61,0.0153
2412,0.63,-0.66,0.0154
2413,0.55,-0.55,0.0153
2414,0.55,-0.45,0.0154
2415,0.31,-0.33,0.0153
2416,0.31,-0.18,0.0154
2417,0.14,-0.09,0.0153
2418,0.14,0.02,0.0154
2419,0.18,0.03,0.0153
2420,0.18,-0.06,0.0154
2421,0.82,-0.29,0.0153
2422,0.82,-0.52,0.0154
2423,0.93,-0.52,0.0153
2424,0.93,-0.41,0.0154
2425,0.45,-0.33,0.0153
2426,0.45,-0.15,0.0154
2427,0.14,-0.01,0.0153
2428,0.14,0.16,0.0154
2429,-0.05,0.28,0.0153
2430,-0.05,0.25,0.0154
2431,0.44,0.13,0.0153
2432,0.44,-0.08,0.0154
2433,0.96,-0.27,0.0153
2434,0.96,-0.45,0.0154
2435,0.98,-0.50,0.0153
2436,0.98,-0.21,0.0154
2437,-0.02,0.02,0.0153
2438,-0.02,0.24,0.0154
2439,-0.30,0.47,0.0153
2440,-0.30,0.62,0.0154
2441,-0.04,0.55,0.0153
2442,-0.04,0.41,0.0154
2443,0.57,0.18,0.0153
2444,0.57,0.01,0.0154
2445,1.00,-0.30,0.0152
2446,1.00,-0.58,0.0154
2447,1.36,-0.78,0.0153
2448,1.36,-0.96,0.0154
2449,0.17,-0.27,0.0153
2450,0.17,0.21,0.0154
2451,-0.66,0.54,0.0153
2452,-0.66,0.82,0.0154
2453,-0.66,0.97,0.0153
2454,-0.66,0.73,0.0154
2455,0.35,0.53,0.0153
2456,0.35,0.33,0.0154
2457,0.72,0.03,0.0153
2458,0.72,-0.24,0.0154
2459,1.15,-0.52,0.0153
2460,1.15,-0.69,0.0154
2461,1.04,-0.74,0.0153
2462,1.04,-0.20,0.0154
2463,-0.91,0.38,0.0153
2464,-0.91,0.74,0.0154
2465,-0.95,1.01,0.0153
2466,-0.95,1.29,0.0154
2467,-0.25,0.88,0.0153
2468,-0.25,0.59,0.0154
2469,0.13,0.52,0.0153
2470,0.13,0.43,0.0154
2471,0.18,0.25,0.0153
2472,0.18,0.18,0.0154
2473,0.07,0.16,0.0153
2474,0.07,0.15,0.0154
2475,-0.09,0.19,0.0153
2476,-0.09,0.27,0.0154
2477,-0.43,0.40,0.0153
2478,-0.43,0.51,0.0154
2479,-0.61,0.61,0.0153
2480,-0.61,0.66,0.0154
2481,-0.63,0.70,0.0153
2482,-0.63,0.67,0.0154
2483,-0.57,0.67,0.0153
2484,-0.57,0.59,0.0154
2485,-0.36,0.48,0.0153
2486,-0.36,0.41,0.0154
2487,-0.33,0.33,0.0153
2488,-0.33,0.23,0.0154
2489,-0.27,0.19,0.0153
2490,-0.27,0.11,0.0154
2491,-0.35,0.14,0.0153
2492,-0.35,0.03,0.0154
2493,-0.26,0.05,0.0153
2494,-0.26,-0.02,0.0154
2495,-0.30,0.03,0.0153
2496,-0.30,0.23,0.0154
2497,-0.93,0.40,0.0153
2498,-0.93,0.63,0.0154
2499,-0.85,0.53,0.0153
2500,-0.85,0.59,0.0154
2501,-0.59,0.41,0.0153
2502,-0.59,0.38,0.0154
2503,-0.47,0.25,0.0153
2504,-0.47,0.05,0.0154
2505,-0.09,-0.09,0.0153
2506,-0.09,-0.24,0.0154
2507,-0.22,-0.20,0.0153
2508,-0.22,0.01,0.0154
2509,-1.06,0.27,0.0152
2510,-1.06,0.53,0.0154
2511,-1.35,0.69,0.0153
2512,-1.35,0.69,0.0154
2513,-0.73,0.51,0.0153
2514,-0.73,0.31,0.0154
2515,-0.12,-0.00,0.0153
2516,-0.12,-0.23,0.0153
2517,0.00,-0.36,0.0153
2518,0.00,-0.33,0.0154
2519,-0.48,-0.25,0.0153
2520,-0.48,-0.09,0.0154
2521,-0.86,0.06,0.0153
2522,-0.86,0.21,0.0154
2523,-0.89,0.25,0.0153
2524,-0.89,0.31,0.0154
2525,-0.35,0.02,0.0153
2526,-0.35,-0.51,0.0154
2527,0.39,-0.57,0.0153
2528,0.39,-0.54,0.0154
2529,-0.27,-0.46,0.0153
