1,2.52,-4.85,0.0009
2,2.03,-0.97,0.0150
3,1.26,-0.25,0.0150
4,0.54,0.07,0.0150
5,-0.08,0.35,0.0149
6,-0.66,0.69,0.0150
7,-1.01,0.70,0.0150
8,-1.14,0.59,0.0150
9,-1.19,0.63,0.0150
10,-0.89,0.07,0.0150
11,-0.48,-0.28,0.0150
12,-0.26,-0.16,0.0150
13,0.01,-0.39,0.0150
14,0.21,-0.45,0.0149
15,0.24,-0.27,0.0150
16,0.18,-0.14,0.0150
17,0.08,-0.01,0.0150
18,-0.08,-0.01,0.0150
19,-0.31,0.59,0.0149
20,-0.47,0.43,0.0150
21,-0.64,0.43,0.0150
22,-0.87,1.05,0.0149
23,-0.65,0.20,0.0150
24,-0.43,0.20,0.0150
25,-0.32,-0.12,0.0149
26,-0.38,0.44,0.0150
27,-0.46,0.44,0.0150
28,-0.30,0.23,0.0149
29,-0.38,0.51,0.0150
30,-0.30,0.51,0.0150
31,-0.29,0.26,0.0149
32,-0.26,0.35,0.0150
33,-0.23,0.35,0.0150
34,-0.30,0.47,0.0149
35,-0.28,0.40,0.0150
36,-0.32,0.54,0.0150
37,-0.34,0.55,0.0150
38,-0.31,0.49,0.0150
39,-0.34,0.49,0.0150
40,-0.28,0.49,0.0149
41,-0.26,0.51,0.0150
42,-0.21,0.51,0.0150
43,-0.19,0.42,0.0149
44,-0.12,0.38,0.0150
45,-0.11,0.38,0.0150
46,-0.06,0.38,0.0149
47,0.00,0.38,0.0150
48,-0.07,0.46,0.0148
49,-0.15,0.62,0.0150
50,-0.14,0.62,0.0150
51,-0.20,0.62,0.0149
52,-0.09,0.35,0.0150
53,-0.08,0.35,0.0150
54,-0.03,0.39,0.0149
55,0.02,0.38,0.0150
56,-0.04,0.38,0.0150
57,-0.26,0.97,0.0149
58,-0.41,0.94,0.0150
59,-0.29,0.94,0.0150
60,-0.29,0.54,0.0149
61,0.03,0.09,0.0150
62,0.12,0.09,0.0150
63,-0.02,0.60,0.0149
64,-0.32,1.09,0.0150
65,-0.42,1.09,0.0150
66,-0.21,0.56,0.0149
67,-0.13,0.56,0.0150
68,0.09,0.11,0.0149
69,0.16,0.36,0.0150
70,0.10,0.36,0.0150
71,-0.11,0.94,0.0149
72,-0.48,1.34,0.0150
73,-0.94,1.34,0.0150
74,-0.91,1.75,0.0149
75,-0.44,0.36,0.0150
76,0.02,0.36,0.0150
77,0.37,-0.58,0.0149
78,0.53,0.10,0.0150
79,0.28,0.10,0.0150
80,-0.10,1.46,0.0149
81,-0.68,1.81,0.0150
82,-1.07,1.81,0.0150
83,-0.87,1.50,0.0149
84,-0.32,0.28,0.0150
85,0.15,0.28,0.0150
86,0.60,-0.78,0.0149
87,0.95,-0.78,0.0150
88,0.80,-0.08,0.0149
89,0.39,0.90,0.0150
90,-0.11,0.90,0.0150
91,-0.45,1.99,0.0149
92,-0.85,1.73,0.0150
93,-0.94,1.73,0.0150
94,-0.49,0.63,0.0149
95,0.08,0.00,0.0150
96,0.48,0.00,0.0150
97,0.74,-0.57,0.0149
98,0.87,-0.05,0.0150
99,0.85,-0.05,0.0150
100,0.55,0.66,0.0149
101,0.15,0.99,0.0150
102,-0.41,0.99,0.0150
103,-0.92,2.55,0.0149
104,-1.42,2.25,0.0150
105,-1.19,2.25,0.0150
106,-0.42,-0.19,0.0149
107,0.34,-0.38,0.0150
108,1.05,-0.83,0.0150
109,1.57,-1.05,0.0150
110,1.97,-1.28,0.0150
111,1.48,0.01,0.0150
112,0.97,0.01,0.0150
113,0.60,0.99,0.0149
114,0.15,0.71,0.0150
115,-0.37,0.71,0.0150
116,-0.84,2.07,0.0149
117,-1.29,1.76,0.0150
118,-1.02,1.76,0.0150
119,-0.39,-0.43,0.0149
120,0.13,-0.31,0.0150
121,0.77,-0.31,0.0150
122,1.22,-1.76,0.0149
123,1.55,-1.14,0.0150
124,1.17,-1.14,0.0150
125,0.63,0.93,0.0149
126,0.08,0.80,0.0150
127,-0.61,0.80,0.0150
128,-1.38,2.92,0.0150
129,-1.83,2.09,0.0150
130,-1.52,1.07,0.0150
131,-0.87,0.32,0.0150
132,-0.37,0.22,0.0150
133,0.25,-0.31,0.0150
134,0.77,-0.59,0.0150
135,1.20,-0.82,0.0150
136,1.45,-0.86,0.0150
137,1.29,-0.35,0.0150
138,0.94,-0.35,0.0150
139,0.77,0.36,0.0149
140,0.54,0.11,0.0150
141,0.19,0.11,0.0150
142,0.13,0.56,0.0149
143,-0.19,0.66,0.0150
144,-0.49,0.66,0.0150
145,-0.58,1.04,0.0150
146,-0.51,0.46,0.0150
147,0.15,0.46,0.0150
148,0.73,-1.81,0.0149
149,1.16,-1.16,0.0150
150,0.95,-1.16,0.0150
151,0.56,0.44,0.0149
152,0.10,0.56,0.0150
153,-0.34,0.56,0.0150
154,-0.95,2.00,0.0149
155,-1.47,1.75,0.0149
156,-1.18,1.75,0.0150
157,-0.49,-0.65,0.0149
158,0.10,-0.54,0.0150
159,0.87,-0.54,0.0150
160,1.49,-2.49,0.0149
161,2.01,-1.89,0.0150
162,1.53,-0.46,0.0150
163,1.05,-0.26,0.0150
164,0.69,-0.25,0.0150
165,0.40,-0.16,0.0150
166,-0.02,-0.16,0.0150
167,-0.20,0.59,0.0150
168,-0.25,-0.04,0.0150
169,-0.14,-0.04,0.0150
170,0.00,-0.57,0.0149
171,0.20,-0.63,0.0149
172,0.39,-0.63,0.0150
173,0.53,-1.04,0.0149
174,0.43,-0.49,0.0150
175,0.13,-0.49,0.0150
176,-0.13,0.44,0.0149
177,-0.32,0.12,0.0150
178,-0.32,0.12,0.0150
179,-0.15,-0.42,0.0149
180,0.01,-0.51,0.0150
181,0.19,-0.64,0.0150
182,0.36,-0.78,0.0150
183,0.25,-0.38,0.0150
184,0.16,-0.36,0.0150
185,-0.01,-0.16,0.0150
186,-0.05,-0.29,0.0149
187,-0.08,-0.26,0.0150
188,0.07,-0.61,0.0150
189,0.22,-0.70,0.0150
190,0.39,-0.86,0.0150
191,0.19,-0.30,0.0150
192,0.02,-0.30,0.0150
193,-0.12,0.04,0.0149
194,-0.38,0.16,0.0151
195,-0.43,0.16,0.0150
196,-0.33,-0.22,0.0149
197,-0.23,-0.34,0.0150
198,-0.10,-0.34,0.0150
199,0.02,-0.67,0.0150
200,0.34,-0.97,0.0150
201,0.54,-1.00,0.0150
202,0.57,-0.85,0.0150
203,0.28,-0.29,0.0150
204,-0.26,0.38,0.0150
205,-0.76,0.67,0.0150
206,-1.01,0.61,0.0150
207,-0.75,-0.14,0.0150
208,-0.51,-0.21,0.0151
209,-0.37,-0.21,0.0151
210,-0.21,-0.45,0.0150
211,-0.10,-0.29,0.0150
212,0.11,-0.29,0.0150
213,0.27,-0.86,0.0149
214,0.34,-0.54,0.0150
215,0.36,-0.54,0.0150
216,0.38,-0.57,0.0149
217,-0.24,0.66,0.0150
218,-0.74,0.66,0.0150
219,-1.11,1.57,0.0149
220,-1.06,0.49,0.0150
221,-0.63,-0.21,0.0150
222,-0.23,-0.39,0.0151
223,-0.03,-0.26,0.0151
224,0.20,-0.46,0.0151
225,0.59,-0.93,0.0150
226,0.73,-0.78,0.0150
227,0.65,-0.49,0.0150
228,0.18,0.26,0.0150
229,-0.22,0.26,0.0150
230,-0.52,1.01,0.0150
231,-0.69,0.52,0.0150
232,-0.80,0.52,0.0150
233,-0.83,0.61,0.0150
234,-0.41,-0.30,0.0150
235,-0.11,-0.30,0.0150
236,0.06,-0.65,0.0150
237,0.30,-0.53,0.0150
238,0.32,-0.31,0.0150
239,0.27,-0.21,0.0150
240,0.19,-0.13,0.0150
241,-0.12,0.36,0.0150
242,-0.38,0.49,0.0150
243,-0.49,0.40,0.0150
244,-0.57,0.44,0.0150
245,-0.58,0.42,0.0150
246,-0.21,0.42,0.0150
247,-0.03,-0.62,0.0149
248,0.11,-0.20,0.0151
249,0.53,-0.20,0.0150
250,0.72,-1.20,0.0149
251,0.77,-0.60,0.0150
252,0.66,-0.60,0.0150
253,0.09,0.71,0.0149
254,-0.29,0.59,0.0150
255,-0.55,0.59,0.0150
256,-0.72,0.97,0.0149
257,-0.70,0.47,0.0150
258,-0.43,0.47,0.0150
259,-0.23,-0.39,0.0149
260,0.28,-0.76,0.0151
261,0.63,-0.82,0.0150
262,0.80,-0.76,0.0150
263,0.85,-0.71,0.0150
264,0.72,-0.46,0.0150
265,0.18,-0.46,0.0150
266,-0.21,1.11,0.0149
267,-0.45,0.44,0.0150
268,-0.46,0.44,0.0150
269,-0.38,0.05,0.0149
270,-0.17,-0.25,0.0150
271,-0.05,-0.20,0.0150
272,0.19,-0.20,0.0150
273,0.42,-0.95,0.0149
274,0.52,-0.61,0.0150
275,0.61,-0.61,0.0150
276,0.54,-0.56,0.0149
277,-0.06,0.58,0.0150
278,-0.40,0.58,0.0150
279,-0.55,0.81,0.0150
280,-0.54,0.21,0.0150
281,-0.12,-0.55,0.0150
282,0.14,-0.53,0.0150
283,0.27,-0.45,0.0150
284,0.24,-0.26,0.0150
285,0.26,-0.26,0.0150
286,0.26,-0.35,0.0149
287,0.18,-0.20,0.0150
288,-0.14,-0.20,0.0150
289,-0.51,1.03,0.0149
290,-0.75,0.66,0.0150
291,-0.78,0.66,0.0150
292,-0.26,-0.52,0.0149
293,0.12,-0.62,0.0150
294,0.38,-0.62,0.0150
295,0.47,-0.84,0.0149
296,0.43,-0.37,0.0150
297,0.26,-0.37,0.0150
298,-0.19,0.76,0.0149
299,-0.64,0.87,0.0150
300,-0.90,0.85,0.0150
301,-0.73,0.27,0.0150
302,-0.35,-0.19,0.0150
303,-0.23,0.07,0.0150
304,-0.02,-0.15,0.0150
305,0.03,0.01,0.0151
306,0.23,-0.32,0.0150
307,0.19,-0.02,0.0150
308,0.14,-0.02,0.0150
309,0.06,0.18,0.0149
310,-0.01,0.13,0.0150
311,-0.05,0.13,0.0149
312,-0.14,0.31,0.0149
313,-0.17,0.22,0.0150
314,-0.24,0.22,0.0150
315,-0.30,0.43,0.0149
316,-0.30,0.30,0.0150
317,-0.05,0.30,0.0150
318,0.15,-0.55,0.0149
319,0.24,-0.17,0.0150
320,0.26,-0.17,0.0150
321,0.25,-0.11,0.0149
322,0.24,-0.09,0.0150
323,0.30,-0.09,0.0150
324,0.32,-0.26,0.0149
325,0.18,0.08,0.0150
326,0.09,0.08,0.0150
327,-0.02,0.28,0.0149
328,-0.13,0.23,0.0150
329,-0.07,0.23,0.0150
330,-0.02,-0.10,0.0149
331,0.04,-0.08,0.0150
332,0.08,-0.08,0.0150
333,0.14,-0.08,0.0150
334,0.21,-0.29,0.0149
335,0.25,-0.22,0.0150
336,0.34,-0.22,0.0150
337,0.36,-0.41,0.0149
338,0.29,-0.15,0.0150
339,0.10,-0.15,0.0150
340,-0.01,0.30,0.0149
341,-0.03,-0.03,0.0149
342,-0.11,-0.03,0.0151
343,-0.07,0.03,0.0150
344,-0.03,-0.08,0.0150
345,0.04,-0.08,0.0150
346,0.05,-0.20,0.0149
347,0.09,-0.17,0.0150
348,0.02,-0.17,0.0150
349,0.00,0.04,0.0149
350,0.08,-0.23,0.0149
351,0.03,-0.23,0.0150
352,0.00,0.03,0.0149
353,0.04,-0.15,0.0149
354,-0.04,-0.15,0.0150
355,-0.02,0.02,0.0150
356,-0.03,-0.05,0.0150
357,-0.06,-0.05,0.0151
358,-0.07,0.03,0.0149
359,-0.12,0.07,0.0151
360,-0.15,0.09,0.0150
361,-0.19,0.14,0.0150
362,-0.28,0.27,0.0150
363,-0.09,-0.19,0.0150
364,0.00,-0.12,0.0151
365,0.02,-0.04,0.0149
366,0.01,-0.01,0.0150
367,-0.04,0.09,0.0150
368,-0.11,0.15,0.0150
369,-0.11,0.08,0.0150
370,-0.06,0.00,0.0150
371,-0.14,0.00,0.0150
372,-0.16,0.25,0.0149
373,-0.19,0.20,0.0150
374,-0.22,0.20,0.0150
375,-0.20,0.19,0.0149
376,-0.20,0.19,0.0150
377,-0.20,0.19,0.0150
378,-0.19,0.19,0.0149
379,-0.20,0.25,0.0150
380,-0.22,0.27,0.0150
381,-0.25,0.33,0.0150
382,-0.27,0.34,0.0150
383,-0.27,0.35,0.0150
384,-0.30,0.43,0.0150
385,-0.32,0.45,0.0150
386,-0.33,0.46,0.0150
387,-0.33,0.46,0.0150
388,-0.28,0.38,0.0149
389,-0.22,0.35,0.0150
390,-0.15,0.31,0.0150
391,-0.07,0.31,0.0150
392,0.04,0.04,0.0149
393,0.13,0.10,0.0150
394,0.14,0.10,0.0150
395,0.15,0.15,0.0149
396,0.20,0.07,0.0150
397,0.25,0.07,0.0150
398,0.31,-0.08,0.0149
399,0.26,0.11,0.0150
400,0.36,0.11,0.0150
401,0.32,-0.08,0.0149
402,0.31,0.00,0.0150
403,0.25,0.07,0.0150
404,0.29,-0.10,0.0150
405,0.29,-0.08,0.0150
406,0.32,-0.14,0.0150
407,0.37,-0.24,0.0150
408,0.41,-0.27,0.0150
409,0.44,-0.33,0.0150
410,0.45,-0.33,0.0150
411,0.48,-0.38,0.0149
412,0.47,-0.35,0.0150
413,0.46,-0.35,0.0150
414,0.46,-0.39,0.0149
415,0.42,-0.36,0.0150
416,0.40,-0.36,0.0150
417,0.32,-0.24,0.0149
418,0.27,-0.29,0.0150
419,0.19,-0.29,0.0150
420,0.10,-0.06,0.0149
421,0.06,-0.19,0.0150
422,0.06,-0.24,0.0150
423,0.03,-0.19,0.0150
424,0.02,-0.22,0.0150
425,0.02,-0.22,0.0150
426,-0.03,-0.14,0.0150
427,-0.06,-0.12,0.0150
428,-0.02,-0.25,0.0150
429,-0.01,-0.22,0.0151
430,-0.02,-0.22,0.0149
431,-0.03,-0.15,0.0149
432,-0.05,-0.15,0.0151
433,-0.13,-0.15,0.0151
434,0.13,-0.52,0.0150
435,0.21,-0.45,0.0150
436,0.14,-0.45,0.0150
437,0.11,-0.18,0.0149
438,-0.06,0.01,0.0150
439,-0.45,0.01,0.0150
440,-0.72,1.09,0.0150
441,-0.77,0.41,0.0150
442,-0.75,0.41,0.0150
443,-0.35,-0.40,0.0149
444,0.01,-0.54,0.0151
445,0.17,-0.54,0.0149
446,0.18,-0.43,0.0149
447,0.11,-0.09,0.0150
448,0.02,-0.02,0.0150
449,-0.07,0.05,0.0150
450,-0.14,0.08,0.0150
451,-0.23,0.16,0.0150
452,-0.27,0.16,0.0150
453,-0.38,0.34,0.0150
454,-0.43,0.32,0.0150
455,-0.51,0.45,0.0150
456,-0.56,0.45,0.0150
457,-0.12,-0.35,0.0149
458,0.18,-0.44,0.0150
459,0.28,-0.44,0.0150
460,0.16,-0.05,0.0149
461,0.10,0.02,0.0150
462,0.06,0.02,0.0150
463,0.00,0.14,0.0149
464,-0.02,0.05,0.0149
465,-0.05,0.05,0.0151
466,-0.07,0.12,0.0149
467,-0.12,0.16,0.0150
468,-0.14,0.16,0.0150
469,-0.17,0.21,0.0149
470,-0.19,0.20,0.0150
471,-0.19,0.20,0.0150
472,0.14,-0.45,0.0149
473,0.31,-0.37,0.0150
474,0.27,-0.12,0.0150
475,0.30,-0.24,0.0150
476,0.33,-0.28,0.0150
477,0.38,-0.38,0.0150
478,-0.04,-0.38,0.0150
479,-0.29,0.97,0.0150
480,-0.34,0.25,0.0150
481,-0.26,0.25,0.0150
482,0.02,-0.50,0.0149
483,0.38,-0.73,0.0150
484,0.56,-0.73,0.0150
485,0.64,-0.81,0.0149
486,0.09,0.51,0.0150
487,-0.36,0.51,0.0150
488,-0.62,1.19,0.0149
489,-0.71,0.53,0.0150
490,-0.63,0.53,0.0150
491,-0.38,-0.15,0.0149
492,0.17,-0.79,0.0151
493,0.47,-0.68,0.0150
494,0.65,-0.71,0.0150
495,0.82,-0.85,0.0150
496,0.31,0.27,0.0150
497,-0.02,0.25,0.0150
498,-0.12,0.05,0.0150
499,-0.06,-0.20,0.0150
500,0.07,-0.37,0.0150
501,0.11,-0.37,0.0150
502,0.19,-0.44,0.0149
503,0.00,0.06,0.0150
504,-0.02,0.06,0.0149
505,0.04,-0.25,0.0149
506,0.09,-0.30,0.0150
507,0.14,-0.30,0.0150
508,0.01,-0.10,0.0149
509,-0.02,-0.12,0.0150
510,-0.02,-0.12,0.0150
511,-0.02,-0.18,0.0149
512,0.01,-0.21,0.0150
513,-0.00,-0.21,0.0149
514,-0.02,-0.14,0.0148
515,-0.02,-0.16,0.0150
516,-0.05,-0.16,0.0151
517,-0.07,-0.07,0.0150
518,-0.10,-0.07,0.0151
519,-0.04,-0.07,0.0150
520,0.13,-0.54,0.0150
521,0.21,-0.41,0.0150
522,0.09,-0.41,0.0150
523,0.07,-0.07,0.0149
524,0.00,-0.11,0.0150
525,-0.16,0.11,0.0149
526,-0.43,0.45,0.0150
527,-0.47,0.21,0.0150
528,-0.55,0.36,0.0150
529,-0.64,0.36,0.0150
530,-0.59,0.38,0.0149
531,-0.38,-0.04,0.0150
532,-0.29,-0.04,0.0151
533,-0.14,-0.19,0.0150
534,-0.12,0.07,0.0151
535,-0.06,0.07,0.0150
536,-0.06,-0.02,0.0149
537,-0.12,0.18,0.0150
538,-0.16,0.19,0.0150
539,-0.21,0.19,0.0150
540,-0.28,0.39,0.0149
541,-0.34,0.38,0.0150
542,-0.40,0.43,0.0150
543,-0.37,0.34,0.0150
544,-0.36,0.39,0.0150
545,-0.31,0.33,0.0150
546,-0.25,0.30,0.0150
547,-0.22,0.33,0.0150
548,-0.18,0.31,0.0150
549,-0.11,0.31,0.0150
550,-0.08,0.19,0.0149
551,-0.02,0.20,0.0150
552,-0.00,0.20,0.0150
553,0.04,0.15,0.0148
554,0.04,0.22,0.0150
555,0.01,0.22,0.0150
556,0.02,0.26,0.0149
557,0.03,0.21,0.0150
558,0.04,0.21,0.0150
559,-0.09,0.46,0.0149
560,-0.43,0.97,0.0150
561,-0.57,0.97,0.0150
562,-0.52,0.75,0.0149
563,0.04,-0.39,0.0150
564,0.55,-0.39,0.0150
565,1.00,-1.56,0.0149
566,1.08,-0.60,0.0150
567,0.51,-0.60,0.0150
568,0.16,1.21,0.0149
569,-0.29,0.91,0.0150
570,-0.75,0.91,0.0150
571,-1.10,1.94,0.0149
572,-1.03,0.88,0.0150
573,-0.46,-0.07,0.0150
574,0.15,-0.48,0.0151
575,0.64,-0.69,0.0150
576,0.94,-0.72,0.0150
577,1.08,-0.72,0.0150
578,1.20,-0.90,0.0149
579,0.74,0.21,0.0150
580,0.43,0.21,0.0150
581,0.26,0.52,0.0149
582,-0.05,0.49,0.0150
583,-0.32,0.49,0.0150
584,-0.43,0.83,0.0149
585,-0.41,0.38,0.0151
586,-0.06,-0.26,0.0150
587,0.50,-0.26,0.0151
588,0.94,-1.74,0.0149
589,1.19,-1.05,0.0150
590,1.07,-1.05,0.0150
591,0.54,0.42,0.0149
592,0.15,0.33,0.0150
593,-0.29,0.67,0.0150
594,-0.72,0.98,0.0150
595,-0.92,0.89,0.0150
596,-1.01,0.89,0.0150
597,-0.46,0.89,0.0150
598,0.08,-1.26,0.0149
599,0.45,-0.61,0.0150
600,0.64,-0.61,0.0150
601,0.72,-0.73,0.0149
602,0.71,-0.40,0.0150
603,0.20,-0.40,0.0150
604,-0.10,1.07,0.0149
605,-0.16,0.21,0.0150
606,-0.12,0.21,0.0150
607,-0.12,0.06,0.0150
608,-0.13,0.15,0.0150
609,-0.08,0.15,0.0150
610,0.17,-0.45,0.0149
611,0.30,-0.34,0.0150
612,0.30,-0.19,0.0150
613,0.23,-0.08,0.0150
614,0.20,-0.13,0.0150
615,0.15,-0.08,0.0150
616,-0.22,0.55,0.0150
617,-0.37,0.41,0.0150
618,-0.42,0.34,0.0150
619,-0.52,0.49,0.0150
620,-0.52,0.49,0.0150
621,-0.17,-0.25,0.0149
622,0.14,-0.41,0.0150
623,0.30,-0.41,0.0150
624,0.29,-0.31,0.0149
625,0.14,0.12,0.0150
626,0.04,0.12,0.0150
627,-0.29,0.76,0.0149
628,-0.70,1.04,0.0150
629,-0.85,1.04,0.0150
630,-0.92,1.01,0.0149
631,-0.28,-0.42,0.0150
632,0.23,-0.42,0.0150
633,0.49,-1.10,0.0149
634,0.57,-0.33,0.0150
635,0.48,-0.33,0.0150
636,0.37,0.11,0.0149
637,0.24,0.07,0.0150
638,0.02,0.07,0.0150
639,-0.32,0.99,0.0149
640,-0.48,0.63,0.0150
641,-0.62,0.63,0.0150
642,-0.60,0.69,0.0149
643,-0.13,-0.33,0.0150
644,0.29,-0.53,0.0151
645,0.49,-0.53,0.0150
646,0.44,-0.32,0.0149
647,0.39,-0.08,0.0150
648,0.34,-0.08,0.0150
649,0.31,-0.02,0.0149
650,0.18,0.12,0.0150
651,-0.01,0.12,0.0150
652,-0.10,0.48,0.0148
653,-0.14,0.22,0.0150
654,-0.17,0.22,0.0150
655,-0.16,0.23,0.0149
656,-0.16,0.20,0.0150
657,-0.06,0.20,0.0150
658,0.24,-0.55,0.0149
659,0.31,-0.21,0.0150
660,0.32,-0.21,0.0150
661,0.35,-0.22,0.0149
662,0.36,-0.23,0.0150
663,0.45,-0.23,0.0150
664,0.18,0.12,0.0149
665,-0.06,0.34,0.0150
666,-0.17,0.34,0.0150
667,-0.12,0.15,0.0149
668,-0.06,-0.01,0.0150
669,0.02,-0.01,0.0150
670,0.08,-0.21,0.0149
671,0.14,-0.17,0.0150
672,0.23,-0.27,0.0150
673,0.29,-0.29,0.0150
674,0.39,-0.44,0.0150
675,0.21,0.02,0.0150
676,0.15,-0.12,0.0150
677,-0.10,0.28,0.0150
678,-0.13,0.04,0.0150
679,-0.09,-0.07,0.0150
680,-0.01,-0.07,0.0151
681,0.10,-0.37,0.0148
682,0.13,-0.37,0.0150
683,0.19,-0.33,0.0149
684,0.25,-0.34,0.0150
685,-0.00,0.20,0.0150
686,-0.16,0.20,0.0149
687,-0.17,0.22,0.0149
688,-0.14,0.22,0.0150
689,-0.08,-0.16,0.0149
690,-0.04,-0.12,0.0151
691,-0.03,-0.09,0.0150
692,0.07,-0.09,0.0151
693,0.13,-0.37,0.0149
694,0.11,-0.15,0.0150
695,0.14,-0.15,0.0150
696,0.16,-0.27,0.0149
697,0.10,-0.11,0.0150
698,-0.06,0.11,0.0150
699,-0.38,0.53,0.0150
700,-0.48,0.37,0.0150
701,-0.55,0.40,0.0150
702,-0.59,0.40,0.0150
703,-0.31,-0.09,0.0149
704,-0.05,-0.29,0.0150
705,0.10,-0.29,0.0150
706,0.20,-0.43,0.0149
707,0.14,-0.03,0.0150
708,0.07,-0.03,0.0150
709,0.04,0.09,0.0149
710,-0.03,0.08,0.0150
711,-0.07,0.08,0.0150
712,-0.13,0.20,0.0150
713,-0.16,0.14,0.0150
714,-0.21,0.22,0.0150
715,-0.26,0.25,0.0150
716,-0.35,0.40,0.0150
717,-0.19,-0.00,0.0150
718,0.06,-0.28,0.0151
719,0.19,-0.20,0.0150
720,0.12,0.07,0.0150
721,0.10,-0.00,0.0150
722,0.14,-0.00,0.0150
723,0.11,-0.03,0.0149
724,0.05,0.08,0.0150
725,0.05,0.08,0.0150
726,0.01,0.08,0.0149
727,-0.05,0.15,0.0149
728,-0.09,0.15,0.0151
729,-0.09,0.15,0.0149
730,-0.03,-0.01,0.0150
731,-0.01,-0.01,0.0151
732,0.03,-0.05,0.0148
733,0.08,-0.07,0.0150
734,0.11,-0.07,0.0150
735,0.16,-0.16,0.0149
736,0.21,-0.18,0.0150
737,0.26,-0.18,0.0150
738,0.23,-0.17,0.0149
739,0.30,-0.30,0.0150
740,0.15,-0.30,0.0150
741,0.03,0.28,0.0149
742,-0.11,0.22,0.0150
743,-0.08,0.22,0.0150
744,-0.09,0.03,0.0149
745,-0.07,-0.01,0.0150
746,-0.03,-0.01,0.0150
747,-0.01,-0.06,0.0150
748,0.02,-0.06,0.0150
749,0.05,-0.09,0.0150
750,0.05,-0.09,0.0150
751,0.07,-0.08,0.0149
752,0.06,-0.05,0.0150
753,0.05,-0.05,0.0150
754,0.05,-0.04,0.0149
755,0.05,-0.06,0.0150
756,-0.10,-0.06,0.0150
757,-0.13,0.27,0.0150
758,-0.09,-0.00,0.0150
759,-0.19,-0.00,0.0150
760,-0.22,0.30,0.0150
761,-0.27,0.25,0.0150
762,-0.37,0.39,0.0150
763,-0.23,0.39,0.0150
764,0.03,-0.47,0.0149
765,0.18,-0.27,0.0150
766,0.17,-0.27,0.0150
767,0.14,-0.02,0.0149
768,0.05,0.10,0.0150
769,-0.02,0.12,0.0150
770,-0.12,0.23,0.0150
771,-0.27,0.39,0.0150
772,-0.31,0.32,0.0150
773,-0.35,0.36,0.0150
774,-0.34,0.33,0.0150
775,0.03,-0.35,0.0150
776,0.27,-0.35,0.0150
777,0.34,-0.51,0.0149
778,0.33,-0.11,0.0150
779,0.29,-0.11,0.0150
780,-0.05,0.58,0.0149
781,-0.38,0.74,0.0150
782,-0.54,0.74,0.0150
783,-0.59,0.76,0.0149
784,-0.09,-0.41,0.0150
785,0.40,-0.72,0.0150
786,0.72,-0.76,0.0150
787,0.88,-0.74,0.0150
788,0.89,-0.62,0.0150
789,0.79,-0.49,0.0150
790,0.40,0.09,0.0151
791,0.09,0.18,0.0150
792,-0.11,0.16,0.0150
793,-0.18,0.06,0.0150
794,-0.18,-0.00,0.0150
795,-0.06,-0.24,0.0150
796,0.03,-0.24,0.0150
797,0.08,-0.35,0.0149
798,0.17,-0.35,0.0150
799,0.14,-0.35,0.0150
800,0.16,-0.23,0.0149
801,0.03,-0.02,0.0150
802,-0.09,-0.02,0.0150
803,-0.10,0.08,0.0150
804,-0.06,-0.15,0.0150
805,-0.03,-0.15,0.0150
806,0.01,-0.19,0.0151
807,-0.00,-0.12,0.0149
808,0.02,-0.19,0.0149
809,0.00,-0.11,0.0150
810,-0.01,-0.13,0.0149
811,-0.01,-0.13,0.0149
812,-0.03,-0.09,0.0148
813,-0.06,-0.07,0.0150
814,-0.08,-0.07,0.0151
815,-0.13,0.04,0.0150
816,-0.18,0.07,0.0150
817,-0.24,0.13,0.0150
818,-0.15,-0.10,0.0150
819,-0.20,0.12,0.0151
820,-0.24,0.14,0.0150
821,-0.29,0.14,0.0150
822,-0.36,0.34,0.0149
823,-0.39,0.30,0.0150
824,-0.43,0.30,0.0150
825,-0.43,0.35,0.0149
826,-0.45,0.38,0.0150
827,-0.46,0.40,0.0150
828,-0.46,0.40,0.0150
829,-0.44,0.39,0.0149
830,-0.38,0.33,0.0150
831,-0.30,0.33,0.0150
832,-0.22,0.13,0.0149
833,-0.14,0.18,0.0150
834,-0.08,0.18,0.0150
835,-0.04,0.11,0.0149
836,0.01,0.13,0.0150
837,-0.01,0.23,0.0150
838,-0.05,0.28,0.0149
839,-0.08,0.30,0.0150
840,-0.06,0.23,0.0150
841,0.01,0.13,0.0150
842,0.05,0.13,0.0149
843,0.04,0.20,0.0150
844,0.03,0.20,0.0150
845,0.07,0.11,0.0150
846,0.10,0.09,0.0150
847,0.14,0.09,0.0150
848,0.20,-0.07,0.0149
849,0.08,0.28,0.0150
850,0.04,0.28,0.0150
851,-0.11,0.48,0.0149
852,-0.16,0.35,0.0150
853,-0.11,0.35,0.0150
854,-0.09,0.16,0.0149
855,-0.00,0.10,0.0150
856,0.24,0.10,0.0149
857,0.39,-0.56,0.0149
858,0.46,-0.24,0.0150
859,0.57,-0.24,0.0150
860,0.69,-0.63,0.0149
861,0.67,-0.34,0.0150
862,0.38,-0.34,0.0150
863,0.20,0.48,0.0149
864,0.02,0.23,0.0150
865,-0.28,0.23,0.0150
866,-0.44,0.89,0.0150
867,-0.46,0.38,0.0150
868,-0.40,0.38,0.0150
869,-0.27,0.04,0.0149
870,0.10,-0.43,0.0150
871,0.42,-0.59,0.0150
872,0.61,-0.59,0.0150
873,0.58,-0.53,0.0149
874,0.27,0.21,0.0150
875,0.10,0.21,0.0150
876,-0.12,0.57,0.0149
877,-0.40,0.63,0.0150
878,-0.44,0.63,0.0150
879,-0.44,0.39,0.0149
880,-0.09,-0.29,0.0150
881,0.25,-0.29,0.0150
882,0.60,-1.19,0.0149
883,0.84,-0.85,0.0150
884,0.66,-0.85,0.0150
885,0.07,0.88,0.0149
886,-0.41,0.85,0.0150
887,-0.82,0.85,0.0150
888,-1.11,1.62,0.0150
889,-1.19,1.00,0.0150
890,-0.70,0.05,0.0150
891,-0.20,-0.26,0.0150
892,0.23,-0.46,0.0150
893,0.45,-0.35,0.0150
894,0.45,-0.13,0.0150
895,0.33,0.07,0.0150
896,0.24,0.07,0.0150
897,0.12,0.17,0.0150
898,-0.05,0.17,0.0150
899,-0.14,0.53,0.0149
900,-0.19,0.30,0.0150
901,-0.32,0.30,0.0151
902,-0.40,0.67,0.0149
903,-0.20,0.04,0.0150
904,0.04,0.04,0.0150
905,0.25,-0.56,0.0149
906,0.34,-0.19,0.0150
907,0.27,-0.19,0.0150
908,0.07,0.41,0.0149
909,-0.04,0.29,0.0150
910,-0.38,0.29,0.0150
911,-0.52,1.08,0.0149
912,-0.64,0.75,0.0150
913,-0.68,0.74,0.0150
914,0.09,-0.76,0.0150
915,0.61,-0.80,0.0150
916,0.88,-0.74,0.0150
917,0.73,-0.16,0.0150
918,0.34,0.34,0.0150
919,0.03,0.43,0.0150
920,-0.09,0.28,0.0150
921,-0.27,0.48,0.0150
922,-0.41,0.54,0.0150
923,-0.45,0.48,0.0150
924,-0.44,0.48,0.0150
925,0.07,-0.54,0.0149
926,0.50,-0.72,0.0150
927,0.80,-0.72,0.0150
928,0.91,-1.02,0.0149
929,0.33,0.53,0.0150
930,-0.02,0.53,0.0150
931,-0.25,0.90,0.0149
932,-0.36,0.43,0.0150
933,-0.34,0.43,0.0150
934,-0.17,-0.07,0.0149
935,0.01,-0.15,0.0151
936,0.43,-0.15,0.0149
937,0.62,-1.12,0.0149
938,0.70,-0.55,0.0150
939,0.71,-0.55,0.0150
940,0.39,0.10,0.0149
941,0.09,0.25,0.0150
942,0.04,-0.03,0.0150
943,-0.20,0.38,0.0150
944,-0.45,0.56,0.0150
945,-0.47,0.34,0.0150
946,-0.39,0.34,0.0150
947,-0.31,0.03,0.0149
948,-0.07,-0.20,0.0150
949,0.27,-0.20,0.0150
950,0.46,-0.92,0.0149
951,0.51,-0.41,0.0150
952,0.60,-0.41,0.0150
953,0.57,-0.49,0.0149
954,0.26,0.14,0.0150
955,0.11,0.14,0.0150
956,0.04,0.15,0.0149
957,-0.27,0.48,0.0150
958,-0.46,0.48,0.0150
959,-0.43,0.23,0.0150
960,-0.40,0.22,0.0150
961,-0.40,0.32,0.0150
962,-0.24,0.02,0.0150
963,0.15,-0.52,0.0150
964,0.31,-0.34,0.0150
965,0.32,-0.19,0.0150
966,0.31,-0.19,0.0150
967,0.25,-0.08,0.0149
968,0.02,0.28,0.0150
969,-0.19,0.28,0.0150
970,-0.28,0.56,0.0149
971,-0.34,0.32,0.0150
972,-0.45,0.32,0.0150
973,-0.52,0.63,0.0149
974,-0.42,0.25,0.0150
975,0.07,0.25,0.0150
976,0.28,-0.96,0.0149
977,0.32,-0.18,0.0150
978,0.19,-0.18,0.0150
979,-0.22,0.89,0.0149
980,-0.57,0.91,0.0150
981,-0.76,0.91,0.0150
982,-0.82,1.00,0.0149
983,-0.16,-0.52,0.0150
984,0.27,-0.51,0.0150
985,0.48,-0.41,0.0150
986,0.53,-0.29,0.0150
987,0.43,-0.06,0.0150
988,0.35,-0.08,0.0150
989,0.29,-0.07,0.0150
990,0.23,-0.06,0.0150
991,0.19,-0.08,0.0150
992,0.02,0.18,0.0150
993,-0.05,0.11,0.0150
994,-0.23,0.37,0.0150
995,-0.35,0.37,0.0150
996,-0.38,0.46,0.0149
997,-0.36,0.26,0.0150
998,-0.27,0.26,0.0150
999,0.11,-0.59,0.0150
1000,0.35,-0.48,0.0150
1001,0.47,-0.43,0.0151
1002,0.41,-0.22,0.0151
1003,0.21,0.06,0.0151
1004,0.13,-0.05,0.0150
1005,-0.07,0.24,0.0151
1006,-0.19,0.22,0.0151
1007,-0.22,0.15,0.0151
1008,-0.18,0.06,0.0151
1009,-0.03,0.06,0.0151
1010,0.11,-0.45,0.0150
1011,0.30,-0.46,0.0150
1012,0.41,-0.46,0.0151
1013,0.50,-0.53,0.0151
1014,0.60,-0.64,0.0151
1015,0.24,0.12,0.0151
1016,-0.02,0.16,0.0150
1017,-0.08,0.16,0.0151
1018,-0.06,-0.07,0.0150
1019,0.05,-0.34,0.0151
1020,0.20,-0.49,0.0150
1021,0.25,-0.49,0.0151
1022,0.31,-0.54,0.0150
1023,0.15,-0.12,0.0151
1024,0.03,-0.12,0.0151
1025,-0.04,0.05,0.0150
1026,-0.07,-0.15,0.0151
1027,0.02,-0.34,0.0151
1028,0.10,-0.34,0.0151
1029,0.15,-0.47,0.0150
1030,0.05,-0.14,0.0151
1031,-0.04,-0.14,0.0151
1032,-0.00,-0.16,0.0150
1033,0.05,-0.33,0.0150
1034,0.07,-0.30,0.0151
1035,0.00,-0.30,0.0151
1036,-0.01,-0.13,0.0149
1037,-0.00,-0.25,0.0151
1038,-0.03,-0.25,0.0150
1039,-0.04,-0.16,0.0150
1040,-0.08,-0.13,0.0151
1041,-0.12,-0.13,0.0151
1042,-0.18,0.01,0.0150
1043,-0.07,-0.31,0.0151
1044,-0.09,-0.12,0.0151
1045,-0.00,-0.12,0.0151
1046,0.05,-0.41,0.0149
1047,0.03,-0.20,0.0151
1048,-0.01,-0.20,0.0151
1049,-0.13,0.08,0.0149
1050,-0.19,0.01,0.0151
1051,-0.26,0.08,0.0151
1052,-0.37,0.08,0.0151
1053,-0.45,0.38,0.0150
1054,-0.57,0.41,0.0151
1055,-0.67,0.41,0.0151
1056,-0.33,-0.15,0.0150
1057,-0.14,-0.21,0.0151
1058,-0.18,0.12,0.0151
1059,-0.10,-0.07,0.0151
1060,-0.08,0.01,0.0151
1061,-0.09,0.05,0.0151
1062,-0.17,0.19,0.0151
1063,-0.17,0.19,0.0151
1064,-0.23,0.22,0.0150
1065,-0.25,0.20,0.0151
1066,-0.28,0.26,0.0151
1067,-0.34,0.36,0.0151
1068,-0.34,0.32,0.0151
1069,-0.38,0.41,0.0151
1070,-0.41,0.44,0.0150
1071,-0.39,0.44,0.0151
1072,-0.34,0.32,0.0150
1073,-0.30,0.35,0.0151
1074,-0.19,0.35,0.0151
1075,-0.13,0.09,0.0150
1076,-0.03,0.12,0.0151
1077,0.00,0.18,0.0151
1078,0.05,0.12,0.0150
1079,0.05,0.19,0.0151
1080,0.03,0.23,0.0150
1081,0.05,0.15,0.0150
1082,0.10,0.08,0.0151
1083,0.12,0.08,0.0150
1084,0.00,0.35,0.0150
1085,-0.19,0.35,0.0149
1086,-0.22,0.62,0.0150
1087,-0.23,0.39,0.0151
1088,-0.17,0.39,0.0151
1089,-0.02,-0.02,0.0150
1090,0.51,-0.79,0.0151
1091,0.84,-0.78,0.0151
1092,0.99,-0.78,0.0151
1093,0.94,-0.65,0.0150
1094,0.59,0.08,0.0151
1095,0.35,0.07,0.0150
1096,0.17,0.10,0.0150
1097,0.09,0.02,0.0150
1098,-0.00,0.08,0.0150
1099,0.00,0.08,0.0149
1100,0.15,-0.32,0.0148
1101,0.28,-0.40,0.0151
1102,0.37,-0.40,0.0151
1103,0.48,-0.64,0.0150
1104,0.51,-0.49,0.0151
1105,0.51,-0.49,0.0151
1106,0.49,-0.45,0.0150
1107,0.41,-0.37,0.0151
1108,0.33,-0.33,0.0151
1109,0.23,-0.33,0.0151
1110,0.08,0.01,0.0150
1111,-0.03,-0.07,0.0151
1112,-0.03,-0.22,0.0151
1113,0.08,-0.42,0.0151
1114,0.19,-0.52,0.0150
1115,0.18,-0.36,0.0151
1116,0.11,-0.36,0.0151
1117,0.07,-0.18,0.0150
1118,-0.05,-0.09,0.0151
1119,-0.02,-0.31,0.0151
1120,0.12,-0.31,0.0151
1121,0.15,-0.59,0.0150
1122,0.14,-0.36,0.0151
1123,0.02,-0.16,0.0151
1124,0.00,-0.27,0.0151
1125,-0.10,-0.09,0.0150
1126,-0.07,-0.29,0.0151
1127,-0.06,-0.25,0.0151
1128,-0.08,-0.25,0.0151
1129,-0.10,-0.15,0.0150
1130,-0.08,-0.23,0.0151
1131,0.01,-0.23,0.0151
1132,0.04,-0.45,0.0150
1133,0.01,-0.23,0.0151
1134,-0.04,-0.18,0.0150
1135,-0.12,-0.09,0.0151
1136,-0.20,-0.01,0.0151
1137,-0.20,-0.10,0.0151
1138,-0.12,-0.24,0.0151
1139,0.16,-0.24,0.0151
1140,0.30,-0.94,0.0150
1141,0.31,-0.46,0.0151
1142,0.31,-0.48,0.0150
1143,0.19,-0.28,0.0151
1144,-0.12,0.17,0.0151
1145,-0.09,-0.27,0.0151
