1,-1.81,2.49,0.0009
2,-1.81,2.47,0.0052
3,-1.81,2.46,0.0052
4,-1.81,2.39,0.0052
5,-0.86,2.34,0.0052
6,-0.86,2.27,0.0053
7,-0.86,2.18,0.0052
8,-0.86,2.04,0.0052
9,-0.46,1.55,0.0052
10,-0.46,0.97,0.0052
11,-0.46,0.22,0.0052
12,-0.46,-0.41,0.0052
13,1.00,-1.00,0.0052
14,1.00,-1.50,0.0053
15,1.00,-1.92,0.0052
16,1.00,-2.29,0.0052
17,1.23,-2.62,0.0052
18,1.23,-2.98,0.0053
19,1.23,-3.15,0.0052
20,1.23,-3.05,0.0052
21,0.81,-2.71,0.0052
22,0.81,-2.30,0.0053
23,0.81,-1.87,0.0052
24,0.81,-1.45,0.0052
25,-0.29,-1.07,0.0052
26,-0.29,-0.70,0.0053
27,-0.29,-0.38,0.0052
28,-0.29,-0.22,0.0052
29,-0.41,0.07,0.0052
30,-0.41,0.42,0.0053
31,-0.41,0.78,0.0052
32,-0.41,0.97,0.0052
33,-0.85,1.27,0.0052
34,-0.85,1.43,0.0053
35,-0.85,1.54,0.0052
36,-0.85,1.63,0.0052
37,-0.65,1.55,0.0052
38,-0.65,1.66,0.0053
39,-0.65,1.55,0.0052
40,-0.65,1.34,0.0052
41,-0.20,0.98,0.0052
42,-0.20,0.70,0.0053
43,-0.20,0.19,0.0052
44,-0.20,-0.26,0.0052
45,0.67,-0.60,0.0052
46,0.67,-1.05,0.0053
47,0.67,-1.29,0.0052
48,0.67,-1.48,0.0052
49,0.88,-1.70,0.0052
50,0.88,-1.77,0.0053
51,0.88,-1.87,0.0052
52,0.88,-1.82,0.0052
53,0.54,-1.70,0.0052
54,0.54,-1.36,0.0053
55,0.54,-1.18,0.0052
56,0.54,-1.04,0.0052
57,-0.11,-0.68,0.0052
58,-0.11,-0.21,0.0053
59,-0.11,0.09,0.0052
60,-0.11,0.41,0.0052
61,-0.63,0.63,0.0052
62,-0.63,0.77,0.0053
63,-0.63,0.93,0.0052
64,-0.63,0.95,0.0052
65,-0.41,0.99,0.0052
66,-0.41,0.96,0.0053
67,-0.41,0.95,0.0052
68,-0.41,0.91,0.0052
69,-0.23,0.86,0.0052
70,-0.23,0.80,0.0053
71,-0.23,0.76,0.0052
72,-0.23,0.74,0.0052
73,-0.22,0.72,0.0052
74,-0.22,0.65,0.0053
75,-0.22,0.45,0.0052
76,-0.22,0.25,0.0052
77,0.20,0.01,0.0052
78,0.20,-0.38,0.0052
79,0.20,-0.55,0.0052
80,0.20,-0.77,0.0052
81,0.58,-0.89,0.0052
82,0.58,-1.00,0.0053
83,0.58,-1.10,0.0052
84,0.58,-1.10,0.0052
85,0.44,-1.12,0.0052
86,0.44,-1.12,0.0053
87,0.44,-1.16,0.0052
88,0.44,-1.17,0.0052
89,0.43,-1.14,0.0052
90,0.43,-1.14,0.0053
91,0.43,-1.13,0.0052
92,0.43,-0.75,0.0052
93,-0.12,-0.32,0.0052
94,-0.12,-0.10,0.0053
95,-0.12,0.19,0.0052
96,-0.12,0.38,0.0052
97,-0.37,0.49,0.0052
98,-0.37,0.63,0.0053
99,-0.37,0.65,0.0052
100,-0.37,0.62,0.0052
101,-0.11,0.53,0.0052
102,-0.11,0.45,0.0053
103,-0.11,0.37,0.0052
104,-0.11,0.34,0.0052
105,0.03,0.32,0.0052
106,0.03,0.30,0.0053
107,0.03,0.27,0.0052
108,0.03,0.25,0.0052
109,-0.01,0.23,0.0052
110,-0.01,0.23,0.0053
111,-0.01,0.24,0.0052
112,-0.01,0.23,0.0052
113,-0.04,0.22,0.0052
114,-0.04,0.21,0.0053
115,-0.04,0.19,0.0052
116,-0.04,0.18,0.0053
117,-0.06,0.22,0.0052
118,-0.06,0.20,0.0053
119,-0.06,0.14,0.0052
120,-0.06,0.03,0.0052
121,0.14,-0.07,0.0053
122,0.14,-0.19,0.0054
123,0.14,-0.23,0.0052
124,0.14,-0.27,0.0052
125,0.18,-0.27,0.0052
126,0.18,-0.20,0.0053
127,0.18,-0.15,0.0053
128,0.18,-0.11,0.0053
129,0.00,-0.12,0.0053
130,0.00,-0.13,0.0053
131,0.00,-0.13,0.0052
132,0.00,-0.11,0.0053
133,0.03,-0.07,0.0053
134,0.03,-0.03,0.0053
135,0.03,-0.00,0.0052
136,0.03,-0.00,0.0051
137,0.01,-0.00,0.0051
138,0.01,-0.01,0.0052
139,0.01,0.01,0.0053
140,0.01,0.03,0.0052
141,-0.02,0.07,0.0052
142,-0.02,0.09,0.0053
143,-0.02,0.12,0.0052
144,-0.02,0.13,0.0052
145,-0.06,0.15,0.0052
146,-0.06,0.18,0.0053
147,-0.06,0.21,0.0052
148,-0.06,0.25,0.0052
149,-0.14,0.30,0.0052
150,-0.14,0.35,0.0053
151,-0.14,0.38,0.0052
152,-0.14,0.40,0.0052
153,-0.19,0.43,0.0052
154,-0.19,0.47,0.0053
155,-0.19,0.51,0.0053
156,-0.19,0.58,0.0052
157,-0.30,0.62,0.0053
158,-0.30,0.65,0.0053
159,-0.30,0.56,0.0052
160,-0.30,0.49,0.0052
161,-0.11,0.42,0.0053
162,-0.11,0.45,0.0053
163,-0.11,0.43,0.0052
164,-0.11,0.56,0.0053
165,-0.26,0.48,0.0053
166,-0.26,0.39,0.0054
167,-0.26,0.17,0.0053
168,-0.26,0.05,0.0052
169,0.15,-0.09,0.0052
170,0.15,-0.16,0.0053
171,0.15,-0.15,0.0053
172,0.15,-0.16,0.0053
173,-0.06,-0.09,0.0053
174,-0.06,-0.02,0.0054
175,-0.06,0.06,0.0053
176,-0.06,0.08,0.0053
177,-0.21,0.12,0.0053
178,-0.21,0.14,0.0053
179,-0.21,0.20,0.0052
180,-0.21,0.24,0.0053
181,-0.24,0.26,0.0052
182,-0.24,0.19,0.0054
183,-0.24,0.15,0.0052
184,-0.24,0.13,0.0053
185,-0.05,0.06,0.0052
186,-0.05,0.09,0.0053
187,-0.05,0.06,0.0053
188,-0.05,0.03,0.0052
189,-0.09,-0.00,0.0052
190,-0.09,0.01,0.0052
191,-0.09,0.02,0.0051
192,-0.09,0.05,0.0052
193,-0.16,0.06,0.0052
194,-0.16,0.10,0.0053
195,-0.16,0.10,0.0052
196,-0.16,0.12,0.0052
197,-0.19,0.13,0.0052
198,-0.19,0.15,0.0053
199,-0.19,0.17,0.0053
200,-0.19,0.16,0.0053
201,-0.18,0.16,0.0053
202,-0.18,0.14,0.0053
203,-0.18,0.14,0.0052
204,-0.18,0.15,0.0052
205,-0.17,0.14,0.0053
206,-0.17,0.12,0.0053
207,-0.17,0.09,0.0052
208,-0.17,0.07,0.0052
209,-0.13,0.06,0.0052
210,-0.13,0.03,0.0053
211,-0.13,0.02,0.0052
212,-0.13,0.01,0.0052
213,-0.11,-0.01,0.0051
214,-0.11,-0.02,0.0054
215,-0.11,-0.04,0.0053
216,-0.11,-0.06,0.0053
217,-0.09,-0.07,0.0053
218,-0.09,-0.09,0.0054
219,-0.09,-0.12,0.0053
220,-0.09,-0.15,0.0053
221,-0.03,-0.19,0.0053
222,-0.03,-0.23,0.0054
223,-0.03,-0.26,0.0053
224,-0.03,-0.29,0.0053
225,0.04,-0.34,0.0053
226,0.04,-0.37,0.0054
227,0.04,-0.41,0.0053
228,0.04,-0.44,0.0053
229,0.11,-0.48,0.0053
230,0.11,-0.53,0.0053
231,0.11,-0.57,0.0053
232,0.11,-0.61,0.0053
233,0.21,-0.66,0.0053
234,0.21,-0.72,0.0053
235,0.21,-0.77,0.0052
236,0.21,-0.82,0.0053
237,0.34,-0.88,0.0053
238,0.34,-0.93,0.0053
239,0.34,-0.75,0.0052
240,0.34,-0.56,0.0053
241,-0.02,-0.45,0.0053
242,-0.02,-0.36,0.0054
243,-0.02,-0.30,0.0053
244,-0.02,-0.27,0.0053
245,0.06,-0.30,0.0053
246,0.06,-0.27,0.0054
247,0.06,-0.23,0.0053
248,0.06,-0.16,0.0053
249,0.04,-0.16,0.0053
250,0.04,-0.14,0.0054
251,0.04,-0.20,0.0053
252,0.04,-0.24,0.0053
253,0.21,-0.32,0.0052
254,0.21,-0.32,0.0053
255,0.21,-0.37,0.0053
256,0.21,-0.40,0.0053
257,0.27,-0.46,0.0053
258,0.27,-0.55,0.0053
259,0.27,-0.61,0.0052
260,0.27,-0.68,0.0052
261,0.42,-0.71,0.0052
262,0.42,-0.73,0.0054
263,0.42,-0.76,0.0052
264,0.42,-0.80,0.0052
265,0.44,-0.82,0.0053
266,0.44,-0.82,0.0053
267,0.44,-0.81,0.0053
268,0.44,-0.79,0.0053
269,0.38,-0.73,0.0052
270,0.38,-0.71,0.0053
271,0.38,-0.66,0.0052
272,0.38,-0.64,0.0053
273,0.35,-0.59,0.0053
274,0.35,-0.53,0.0053
275,0.35,-0.47,0.0052
276,0.35,-0.39,0.0053
277,0.23,-0.32,0.0052
278,0.23,-0.27,0.0053
279,0.23,-0.22,0.0052
280,0.23,-0.17,0.0052
281,0.20,-0.10,0.0052
282,0.20,-0.04,0.0053
283,0.20,0.03,0.0053
284,0.20,0.09,0.0052
285,0.13,0.11,0.0052
286,0.13,0.09,0.0053
287,0.13,0.05,0.0052
288,0.13,-0.00,0.0052
289,0.30,-0.01,0.0051
290,0.30,-0.02,0.0054
291,0.30,-0.01,0.0052
292,0.30,-0.03,0.0052
293,0.27,-0.04,0.0052
294,0.27,-0.05,0.0053
295,0.27,-0.02,0.0053
296,0.27,0.08,0.0053
297,0.13,0.15,0.0053
298,0.13,0.21,0.0053
299,0.13,0.29,0.0052
300,0.13,0.28,0.0052
301,0.08,0.31,0.0052
302,0.08,0.31,0.0053
303,0.08,0.31,0.0052
304,0.08,0.35,0.0052
305,0.06,0.39,0.0052
306,0.06,0.42,0.0053
307,0.06,0.46,0.0053
308,0.06,0.49,0.0052
309,-0.03,0.53,0.0052
310,-0.03,0.60,0.0053
311,-0.03,0.66,0.0052
312,-0.03,0.72,0.0052
313,-0.17,0.77,0.0053
314,-0.17,0.81,0.0053
315,-0.17,0.87,0.0052
316,-0.17,0.89,0.0053
317,-0.18,0.85,0.0053
318,-0.18,0.85,0.0054
319,-0.18,0.89,0.0052
320,-0.18,0.87,0.0052
321,-0.14,0.78,0.0052
322,-0.14,0.79,0.0053
323,-0.14,0.78,0.0052
324,-0.14,0.74,0.0053
325,-0.16,0.72,0.0052
326,-0.16,0.73,0.0053
327,-0.16,0.81,0.0052
328,-0.16,0.85,0.0053
329,-0.37,0.92,0.0053
330,-0.37,0.94,0.0054
331,-0.37,0.89,0.0052
332,-0.37,0.90,0.0052
333,-0.34,0.92,0.0052
334,-0.34,1.00,0.0053
335,-0.34,1.07,0.0053
336,-0.34,1.12,0.0053
337,-0.52,1.11,0.0052
338,-0.52,1.06,0.0053
339,-0.52,1.00,0.0052
340,-0.52,0.98,0.0053
341,-0.43,0.99,0.0053
342,-0.43,1.01,0.0053
343,-0.43,0.99,0.0052
344,-0.43,0.93,0.0053
345,-0.41,0.84,0.0052
346,-0.41,0.75,0.0053
347,-0.41,0.71,0.0052
348,-0.41,0.69,0.0052
349,-0.36,0.63,0.0052
350,-0.36,0.54,0.0053
351,-0.36,0.46,0.0053
352,-0.36,0.38,0.0052
353,-0.26,0.33,0.0052
354,-0.26,0.24,0.0053
355,-0.26,0.19,0.0052
356,-0.26,0.09,0.0053
357,-0.18,0.04,0.0053
358,-0.18,-0.05,0.0054
359,-0.18,-0.10,0.0053
360,-0.18,-0.13,0.0053
361,-0.16,-0.14,0.0053
362,-0.16,-0.08,0.0054
363,-0.16,0.03,0.0053
364,-0.16,0.13,0.0052
365,-0.54,0.28,0.0052
366,-0.54,0.41,0.0053
367,-0.54,0.53,0.0053
368,-0.54,0.61,0.0053
369,-0.67,0.67,0.0052
370,-0.67,0.67,0.0053
371,-0.67,0.64,0.0053
372,-0.67,0.59,0.0053
373,-0.45,0.53,0.0053
374,-0.45,0.45,0.0053
375,-0.45,0.36,0.0053
376,-0.45,0.25,0.0053
377,-0.24,0.13,0.0053
378,-0.24,0.01,0.0053
379,-0.24,-0.11,0.0052
380,-0.24,-0.20,0.0053
381,-0.11,-0.27,0.0053
382,-0.11,-0.34,0.0054
383,-0.11,-0.37,0.0053
384,-0.11,-0.36,0.0053
385,-0.24,-0.29,0.0053
386,-0.24,-0.21,0.0054
387,-0.24,-0.11,0.0053
388,-0.24,-0.04,0.0053
389,-0.47,0.03,0.0053
390,-0.47,0.10,0.0053
391,-0.47,0.18,0.0052
392,-0.47,0.25,0.0053
393,-0.56,0.33,0.0053
394,-0.56,0.37,0.0053
395,-0.56,0.45,0.0052
396,-0.56,0.51,0.0052
397,-0.64,0.58,0.0052
398,-0.64,0.59,0.0053
399,-0.64,0.47,0.0052
400,-0.64,0.24,0.0052
401,-0.16,0.01,0.0052
402,-0.16,-0.21,0.0052
403,-0.16,-0.32,0.0053
404,-0.16,-0.42,0.0053
405,-0.07,-0.43,0.0053
406,-0.07,-0.47,0.0054
407,-0.07,-0.46,0.0053
408,-0.07,-0.40,0.0053
409,-0.27,-0.35,0.0053
410,-0.27,-0.27,0.0054
411,-0.27,-0.19,0.0053
412,-0.27,-0.12,0.0053
413,-0.43,-0.06,0.0053
414,-0.43,-0.00,0.0054
415,-0.43,0.06,0.0052
416,-0.43,0.11,0.0052
417,-0.47,0.15,0.0052
418,-0.47,0.19,0.0053
419,-0.47,0.22,0.0053
420,-0.47,0.28,0.0052
421,-0.55,0.36,0.0053
422,-0.55,0.41,0.0053
423,-0.55,0.42,0.0052
424,-0.55,0.25,0.0053
425,-0.35,0.17,0.0052
426,-0.35,0.02,0.0053
427,-0.35,0.10,0.0052
428,-0.35,-0.02,0.0052
429,-0.14,-0.23,0.0053
430,-0.14,-0.50,0.0054
431,-0.14,-0.66,0.0053
432,-0.14,-0.80,0.0053
433,0.21,-0.90,0.0053
434,0.21,-0.94,0.0053
435,0.21,-0.97,0.0053
436,0.21,-0.99,0.0052
437,0.07,-1.01,0.0053
438,0.07,-1.04,0.0053
439,0.07,-1.01,0.0053
440,0.07,-0.93,0.0053
441,-0.04,-0.85,0.0053
442,-0.04,-0.77,0.0054
443,-0.04,-0.73,0.0053
444,-0.04,-0.68,0.0053
445,-0.08,-0.64,0.0053
446,-0.08,-0.56,0.0054
447,-0.08,-0.48,0.0053
448,-0.08,-0.41,0.0053
449,-0.17,-0.36,0.0053
450,-0.17,-0.32,0.0054
451,-0.17,-0.25,0.0053
452,-0.17,-0.15,0.0053
453,-0.29,-0.02,0.0053
454,-0.29,0.05,0.0054
455,-0.29,0.15,0.0053
456,-0.29,0.17,0.0052
457,-0.31,0.19,0.0052
458,-0.31,0.18,0.0053
459,-0.31,0.22,0.0053
460,-0.31,0.20,0.0053
461,-0.24,0.20,0.0052
462,-0.24,0.20,0.0053
463,-0.24,0.19,0.0052
464,-0.24,0.19,0.0052
465,-0.24,0.18,0.0053
466,-0.24,0.18,0.0053
467,-0.24,0.19,0.0052
468,-0.24,0.20,0.0052
469,-0.24,0.17,0.0052
470,-0.24,0.09,0.0053
471,-0.24,-0.17,0.0052
472,-0.24,-0.45,0.0053
473,0.39,-0.72,0.0053
474,0.39,-0.90,0.0053
475,0.39,-1.08,0.0053
476,0.39,-1.18,0.0053
477,0.48,-1.27,0.0053
478,0.48,-1.27,0.0053
479,0.48,-1.27,0.0053
480,0.48,-1.29,0.0052
481,0.33,-1.26,0.0053
482,0.33,-1.25,0.0053
483,0.33,-1.18,0.0053
484,0.33,-0.89,0.0053
485,-0.13,-0.54,0.0053
486,-0.13,-0.31,0.0054
487,-0.13,-0.07,0.0053
488,-0.13,0.14,0.0053
489,-0.39,0.24,0.0052
490,-0.39,0.41,0.0053
491,-0.39,0.42,0.0053
492,-0.39,0.45,0.0053
493,-0.24,0.43,0.0052
494,-0.24,0.44,0.0053
495,-0.24,0.44,0.0053
496,-0.24,0.42,0.0053
497,-0.14,0.37,0.0052
498,-0.14,0.32,0.0053
499,-0.14,0.25,0.0052
500,-0.14,0.21,0.0052
501,-0.05,0.18,0.0052
502,-0.05,0.21,0.0053
503,-0.05,0.20,0.0053
504,-0.05,-0.02,0.0052
505,0.22,-0.30,0.0053
506,0.22,-0.47,0.0053
507,0.22,-0.59,0.0053
508,0.22,-0.77,0.0053
509,0.41,-0.79,0.0053
510,0.41,-0.87,0.0054
511,0.41,-0.87,0.0052
512,0.41,-0.93,0.0053
513,0.37,-0.94,0.0053
514,0.37,-0.97,0.0053
515,0.37,-0.96,0.0053
516,0.37,-0.99,0.0053
517,0.39,-0.99,0.0053
518,0.39,-0.77,0.0054
519,0.39,-0.39,0.0053
520,0.39,-0.13,0.0053
521,-0.37,0.10,0.0053
522,-0.37,0.30,0.0053
523,-0.37,0.42,0.0053
524,-0.37,0.51,0.0052
525,-0.28,0.56,0.0052
526,-0.28,0.54,0.0054
527,-0.28,0.50,0.0053
528,-0.28,0.44,0.0053
529,-0.01,0.39,0.0053
530,-0.01,0.36,0.0053
531,-0.01,0.35,0.0052
532,-0.01,0.34,0.0052
533,-0.04,0.31,0.0052
534,-0.04,0.28,0.0053
535,-0.04,0.26,0.0052
536,-0.04,0.26,0.0052
537,-0.04,0.25,0.0052
538,-0.04,0.27,0.0053
539,-0.04,0.25,0.0053
540,-0.04,0.11,0.0052
541,0.09,0.01,0.0053
542,0.09,-0.00,0.0053
543,0.09,-0.09,0.0052
544,0.09,-0.12,0.0053
545,0.15,-0.19,0.0053
546,0.15,-0.22,0.0053
547,0.15,-0.24,0.0052
548,0.15,-0.28,0.0052
549,0.15,-0.29,0.0053
550,0.15,-0.30,0.0053
551,0.15,-0.28,0.0053
552,0.15,-0.24,0.0053
553,0.07,-0.22,0.0053
554,0.07,-0.22,0.0053
555,0.07,-0.24,0.0053
556,0.07,-0.28,0.0053
557,0.17,-0.29,0.0053
558,0.17,-0.28,0.0053
559,0.17,-0.26,0.0053
560,0.17,-0.24,0.0053
561,0.11,-0.23,0.0053
562,0.11,-0.22,0.0053
563,0.11,-0.23,0.0053
564,0.11,-0.14,0.0053
565,-0.03,0.00,0.0053
566,-0.03,0.22,0.0052
567,-0.03,0.35,0.0052
568,-0.03,0.47,0.0052
569,-0.34,0.56,0.0053
570,-0.34,0.57,0.0054
571,-0.34,0.60,0.0053
572,-0.34,0.60,0.0053
573,-0.21,0.64,0.0052
574,-0.21,0.67,0.0053
575,-0.21,0.67,0.0052
576,-0.21,0.67,0.0052
577,-0.23,0.67,0.0052
578,-0.23,0.70,0.0053
579,-0.23,0.75,0.0052
580,-0.23,0.81,0.0053
581,-0.35,0.80,0.0053
582,-0.35,0.87,0.0054
583,-0.35,0.86,0.0053
584,-0.35,0.67,0.0052
585,-0.01,0.36,0.0052
586,-0.01,0.16,0.0053
587,-0.01,-0.02,0.0053
588,-0.01,-0.21,0.0053
589,0.25,-0.28,0.0053
590,0.25,-0.33,0.0053
591,0.25,-0.32,0.0052
592,0.25,-0.29,0.0053
593,-0.02,-0.22,0.0053
594,-0.02,-0.13,0.0054
595,-0.02,-0.07,0.0053
596,-0.02,-0.04,0.0053
597,-0.14,-0.01,0.0053
598,-0.14,0.02,0.0052
599,-0.14,0.08,0.0052
600,-0.14,0.14,0.0052
601,-0.20,0.19,0.0052
602,-0.20,0.21,0.0053
603,-0.20,0.25,0.0053
604,-0.20,0.28,0.0053
605,-0.23,0.32,0.0052
606,-0.23,0.36,0.0053
607,-0.23,0.41,0.0053
608,-0.23,0.45,0.0053
609,-0.35,0.54,0.0053
610,-0.35,0.37,0.0053
611,-0.35,0.24,0.0052
612,-0.35,0.09,0.0053
613,0.05,0.06,0.0052
614,0.05,-0.01,0.0054
615,0.05,-0.02,0.0051
616,0.05,-0.04,0.0053
617,-0.07,-0.03,0.0053
618,-0.07,-0.06,0.0054
619,-0.07,-0.07,0.0053
620,-0.07,-0.04,0.0053
621,-0.14,0.01,0.0053
622,-0.14,0.06,0.0052
623,-0.14,0.10,0.0052
624,-0.14,0.12,0.0052
625,-0.22,0.14,0.0053
626,-0.22,0.19,0.0053
627,-0.22,0.16,0.0053
628,-0.22,0.15,0.0052
629,-0.16,0.13,0.0053
630,-0.16,0.12,0.0054
631,-0.16,0.12,0.0053
632,-0.16,0.06,0.0052
633,-0.10,0.02,0.0052
634,-0.10,-0.02,0.0053
635,-0.10,0.00,0.0053
636,-0.10,0.05,0.0052
637,-0.17,0.06,0.0053
638,-0.17,0.12,0.0053
639,-0.17,0.15,0.0053
640,-0.17,0.15,0.0053
641,-0.22,0.14,0.0053
642,-0.22,0.11,0.0053
643,-0.22,0.08,0.0052
644,-0.22,0.06,0.0052
645,-0.12,0.04,0.0052
646,-0.12,0.03,0.0053
647,-0.12,0.01,0.0053
648,-0.12,-0.01,0.0051
649,-0.10,-0.04,0.0053
650,-0.10,-0.07,0.0053
651,-0.10,-0.07,0.0053
652,-0.10,-0.05,0.0053
653,-0.14,-0.02,0.0053
654,-0.14,-0.02,0.0054
655,-0.14,-0.01,0.0053
656,-0.14,-0.03,0.0053
657,-0.13,-0.04,0.0053
658,-0.13,-0.04,0.0054
659,-0.13,-0.05,0.0053
660,-0.13,-0.06,0.0053
661,-0.10,-0.07,0.0053
662,-0.10,-0.08,0.0054
663,-0.10,-0.08,0.0053
664,-0.10,-0.10,0.0053
665,-0.08,-0.12,0.0052
666,-0.08,-0.13,0.0054
667,-0.08,-0.17,0.0053
668,-0.08,-0.16,0.0053
669,-0.02,-0.22,0.0053
670,-0.02,-0.20,0.0054
671,-0.02,-0.03,0.0053
672,-0.02,0.19,0.0053
673,-0.39,0.26,0.0053
674,-0.39,0.36,0.0053
675,-0.39,0.40,0.0052
676,-0.39,0.44,0.0053
677,-0.33,0.41,0.0053
678,-0.33,0.39,0.0053
679,-0.33,0.36,0.0053
680,-0.33,0.32,0.0052
681,-0.21,0.29,0.0052
682,-0.21,0.25,0.0053
683,-0.21,0.20,0.0052
684,-0.21,0.14,0.0052
685,-0.13,0.11,0.0053
686,-0.13,-0.18,0.0053
687,-0.13,-0.43,0.0053
688,-0.13,-0.72,0.0053
689,0.55,-0.94,0.0053
690,0.55,-1.15,0.0053
691,0.55,-1.24,0.0052
692,0.55,-1.37,0.0053
693,0.53,-1.41,0.0053
694,0.53,-1.46,0.0053
695,0.53,-1.47,0.0053
696,0.53,-1.51,0.0052
697,0.55,-1.59,0.0053
698,0.55,-1.43,0.0054
699,0.55,-1.09,0.0053
700,0.55,-0.76,0.0052
701,-0.28,-0.42,0.0053
702,-0.28,-0.15,0.0054
703,-0.28,0.05,0.0053
704,-0.28,0.30,0.0052
705,-0.34,0.32,0.0052
706,-0.34,0.52,0.0053
707,-0.34,0.61,0.0052
708,-0.34,0.70,0.0052
709,-0.39,0.76,0.0053
710,-0.39,0.72,0.0053
711,-0.39,0.69,0.0052
712,-0.39,0.65,0.0052
713,-0.15,0.61,0.0053
714,-0.15,0.54,0.0054
715,-0.15,0.47,0.0052
716,-0.15,0.23,0.0053
717,0.18,0.03,0.0053
718,0.18,-0.12,0.0053
719,0.18,-0.18,0.0053
720,0.18,-0.29,0.0053
721,0.21,-0.33,0.0053
722,0.21,-0.53,0.0053
723,0.21,-0.62,0.0052
724,0.21,-0.66,0.0053
725,0.37,-0.72,0.0053
726,0.37,-0.76,0.0053
727,0.37,-0.83,0.0053
728,0.37,-0.86,0.0053
729,0.40,-0.92,0.0052
730,0.40,-0.94,0.0054
731,0.40,-0.92,0.0052
732,0.40,-0.91,0.0053
733,0.23,-0.72,0.0052
734,0.23,-0.64,0.0053
735,0.23,-0.53,0.0053
736,0.23,-0.32,0.0053
737,-0.18,0.01,0.0053
738,-0.18,0.16,0.0052
739,-0.18,0.31,0.0052
740,-0.18,0.39,0.0052
741,-0.17,0.38,0.0053
742,-0.17,0.42,0.0053
743,-0.17,0.39,0.0053
744,-0.17,0.38,0.0052
745,-0.02,0.34,0.0053
746,-0.02,0.33,0.0053
747,-0.02,0.30,0.0052
748,-0.02,0.29,0.0052
749,-0.00,0.28,0.0052
750,-0.00,0.27,0.0053
751,-0.00,0.27,0.0052
752,-0.00,0.28,0.0052
753,-0.05,0.29,0.0053
754,-0.05,0.28,0.0053
755,-0.05,0.28,0.0052
756,-0.05,0.26,0.0052
757,-0.04,0.26,0.0052
758,-0.04,0.27,0.0053
759,-0.04,0.28,0.0052
760,-0.04,0.33,0.0052
761,-0.12,0.34,0.0052
762,-0.12,0.29,0.0054
763,-0.12,0.21,0.0053
764,-0.12,0.16,0.0053
765,0.07,0.09,0.0052
766,0.07,-0.05,0.0053
767,0.07,-0.11,0.0053
768,0.07,-0.11,0.0053
769,0.15,-0.15,0.0053
770,0.15,-0.10,0.0053
771,0.15,-0.04,0.0053
772,0.15,0.01,0.0053
773,-0.09,0.04,0.0051
774,-0.09,0.05,0.0054
775,-0.09,0.03,0.0052
776,-0.09,0.05,0.0053
777,-0.05,0.09,0.0052
778,-0.05,0.17,0.0053
779,-0.05,0.22,0.0053
780,-0.05,0.27,0.0053
781,-0.18,0.30,0.0052
782,-0.18,0.32,0.0053
783,-0.18,0.35,0.0052
784,-0.18,0.41,0.0052
785,-0.25,0.49,0.0053
786,-0.25,0.50,0.0053
787,-0.25,0.41,0.0052
788,-0.25,0.33,0.0052
789,-0.04,0.27,0.0052
790,-0.04,0.28,0.0053
791,-0.04,0.32,0.0053
792,-0.04,0.36,0.0052
793,-0.26,0.43,0.0052
794,-0.26,0.43,0.0053
795,-0.26,0.44,0.0053
796,-0.26,0.47,0.0053
797,-0.29,0.52,0.0052
798,-0.29,0.58,0.0053
799,-0.29,0.61,0.0053
800,-0.29,0.65,0.0053
801,-0.37,0.64,0.0053
802,-0.37,0.64,0.0053
803,-0.37,0.65,0.0052
804,-0.37,0.65,0.0052
805,-0.37,0.66,0.0052
806,-0.37,0.65,0.0054
807,-0.37,0.64,0.0052
808,-0.37,0.62,0.0053
809,-0.33,0.57,0.0052
810,-0.33,0.56,0.0053
811,-0.33,0.53,0.0052
812,-0.33,0.51,0.0053
813,-0.35,0.51,0.0053
814,-0.35,0.48,0.0053
815,-0.35,0.44,0.0053
816,-0.35,0.39,0.0053
817,-0.28,0.35,0.0053
818,-0.28,0.28,0.0054
819,-0.28,0.23,0.0053
820,-0.28,0.17,0.0052
821,-0.21,0.14,0.0052
822,-0.21,0.07,0.0054
823,-0.21,0.02,0.0052
824,-0.21,-0.03,0.0052
825,-0.15,-0.06,0.0053
826,-0.15,-0.07,0.0054
827,-0.15,-0.05,0.0053
828,-0.15,0.00,0.0053
829,-0.31,0.04,0.0051
830,-0.31,0.11,0.0053
831,-0.31,0.17,0.0052
832,-0.31,0.24,0.0052
833,-0.47,0.32,0.0053
834,-0.47,0.39,0.0054
835,-0.47,0.38,0.0053
836,-0.47,0.35,0.0052
837,-0.35,0.28,0.0053
838,-0.35,0.22,0.0054
839,-0.35,0.15,0.0052
840,-0.35,0.10,0.0052
841,-0.20,0.04,0.0053
842,-0.20,-0.05,0.0053
843,-0.20,-0.14,0.0053
844,-0.20,-0.16,0.0053
845,-0.12,-0.20,0.0053
846,-0.12,-0.16,0.0053
847,-0.12,-0.12,0.0053
848,-0.12,-0.05,0.0053
849,-0.35,-0.01,0.0053
850,-0.35,0.01,0.0052
851,-0.35,0.06,0.0052
852,-0.35,0.09,0.0053
853,-0.37,0.13,0.0053
854,-0.37,0.16,0.0054
855,-0.37,0.16,0.0052
856,-0.37,0.08,0.0052
857,-0.23,-0.00,0.0052
858,-0.23,-0.13,0.0052
859,-0.23,-0.23,0.0052
860,-0.23,-0.34,0.0053
861,-0.02,-0.36,0.0053
862,-0.02,-0.34,0.0054
863,-0.02,-0.30,0.0053
864,-0.02,-0.25,0.0053
865,-0.24,-0.23,0.0053
866,-0.24,-0.22,0.0054
867,-0.24,-0.21,0.0053
868,-0.24,-0.23,0.0053
869,-0.19,-0.21,0.0053
870,-0.19,-0.19,0.0054
871,-0.19,-0.18,0.0053
872,-0.19,-0.18,0.0053
873,-0.18,-0.20,0.0053
874,-0.18,-0.20,0.0054
875,-0.18,-0.22,0.0053
876,-0.18,-0.10,0.0053
877,-0.41,0.15,0.0053
878,-0.41,0.39,0.0053
879,-0.41,0.46,0.0053
880,-0.41,0.66,0.0053
881,-0.71,0.73,0.0052
882,-0.71,0.81,0.0053
883,-0.71,0.87,0.0052
884,-0.71,0.84,0.0053
885,-0.61,0.85,0.0052
886,-0.61,0.80,0.0053
887,-0.61,0.87,0.0053
888,-0.61,0.51,0.0052
889,-0.10,0.15,0.0052
890,-0.10,-0.37,0.0053
891,-0.10,-0.64,0.0053
892,-0.10,-1.04,0.0053
893,0.71,-1.34,0.0053
894,0.71,-1.56,0.0053
895,0.71,-1.80,0.0053
896,0.71,-1.89,0.0053
897,0.70,-2.03,0.0053
898,0.70,-2.02,0.0054
899,0.70,-2.06,0.0053
900,0.70,-2.08,0.0053
901,0.48,-1.96,0.0053
902,0.48,-1.58,0.0054
903,0.48,-1.19,0.0053
904,0.48,-0.90,0.0053
905,-0.35,-0.64,0.0053
906,-0.35,-0.43,0.0054
907,-0.35,-0.23,0.0053
908,-0.35,-0.09,0.0053
909,-0.27,0.00,0.0053
910,-0.27,0.24,0.0052
911,-0.27,0.53,0.0053
912,-0.27,0.80,0.0052
913,-0.73,0.98,0.0053
914,-0.73,1.20,0.0053
915,-0.73,1.27,0.0052
916,-0.73,1.36,0.0053
917,-0.71,1.40,0.0053
918,-0.71,1.39,0.0053
919,-0.71,1.36,0.0052
920,-0.71,1.32,0.0053
921,-0.55,1.31,0.0053
922,-0.55,1.14,0.0053
923,-0.55,0.76,0.0051
924,-0.55,0.18,0.0053
925,0.51,-0.29,0.0052
926,0.51,-0.65,0.0053
927,0.51,-1.01,0.0053
928,0.51,-1.35,0.0052
929,0.90,-1.66,0.0052
930,0.90,-1.93,0.0053
931,0.90,-2.15,0.0053
932,0.90,-2.27,0.0053
933,0.88,-2.24,0.0053
934,0.88,-2.16,0.0054
935,0.88,-2.02,0.0053
936,0.88,-1.79,0.0053
937,0.14,-1.39,0.0053
938,0.14,-1.06,0.0054
939,0.14,-0.84,0.0053
940,0.14,-0.61,0.0053
941,-0.07,-0.54,0.0052
942,-0.07,-0.32,0.0054
943,-0.07,-0.10,0.0053
944,-0.07,0.21,0.0053
945,-0.39,0.40,0.0053
946,-0.39,0.58,0.0053
947,-0.39,0.72,0.0053
948,-0.39,0.77,0.0053
949,-0.36,0.84,0.0052
950,-0.36,0.79,0.0053
951,-0.36,0.73,0.0052
952,-0.36,0.68,0.0053
953,-0.07,0.61,0.0053
954,-0.07,0.53,0.0053
955,-0.07,0.49,0.0052
956,-0.07,0.45,0.0052
957,-0.05,0.41,0.0052
958,-0.05,0.35,0.0053
959,-0.05,0.19,0.0052
960,-0.05,0.02,0.0052
961,0.22,-0.10,0.0053
962,0.22,-0.11,0.0054
963,0.22,-0.23,0.0053
964,0.22,-0.36,0.0053
965,0.29,-0.45,0.0053
966,0.29,-0.52,0.0053
967,0.29,-0.57,0.0052
968,0.29,-0.66,0.0053
969,0.35,-0.70,0.0053
970,0.35,-0.74,0.0053
971,0.35,-0.76,0.0052
972,0.35,-0.77,0.0052
973,0.34,-0.76,0.0052
974,0.34,-0.74,0.0054
975,0.34,-0.72,0.0053
976,0.34,-0.52,0.0052
977,0.12,-0.44,0.0053
978,0.12,-0.28,0.0054
979,0.12,-0.07,0.0053
980,0.12,0.24,0.0053
981,-0.33,0.39,0.0052
982,-0.33,0.56,0.0053
983,-0.33,0.63,0.0052
984,-0.33,0.63,0.0053
985,-0.24,0.68,0.0053
986,-0.24,0.67,0.0053
987,-0.24,0.67,0.0052
988,-0.24,0.64,0.0052
989,-0.14,0.65,0.0052
990,-0.14,0.66,0.0053
991,-0.14,0.66,0.0052
992,-0.14,0.68,0.0052
993,-0.23,0.71,0.0052
994,-0.23,0.74,0.0053
995,-0.23,0.77,0.0052
996,-0.23,0.83,0.0052
997,-0.33,0.83,0.0052
998,-0.33,0.69,0.0053
999,-0.33,0.41,0.0052
1000,-0.33,0.23,0.0053
1001,0.24,0.05,0.0053
1002,0.24,-0.11,0.0054
1003,0.24,-0.14,0.0053
1004,0.24,-0.19,0.0053
1005,0.10,-0.18,0.0053
1006,0.10,-0.10,0.0054
1007,0.10,-0.04,0.0053
1008,0.10,0.00,0.0053
1009,-0.16,0.07,0.0052
1010,-0.16,0.14,0.0054
1011,-0.16,0.21,0.0053
1012,-0.16,0.27,0.0053
1013,-0.25,0.31,0.0053
1014,-0.25,0.33,0.0054
1015,-0.25,0.35,0.0053
1016,-0.25,0.42,0.0053
1017,-0.30,0.49,0.0053
1018,-0.30,0.58,0.0054
1019,-0.30,0.66,0.0053
1020,-0.30,0.70,0.0053
1021,-0.40,0.69,0.0053
1022,-0.40,0.68,0.0054
1023,-0.40,0.69,0.0053
1024,-0.40,0.73,0.0053
1025,-0.43,0.79,0.0053
1026,-0.43,0.85,0.0054
1027,-0.43,0.86,0.0053
1028,-0.43,0.83,0.0053
1029,-0.44,0.81,0.0053
1030,-0.44,0.78,0.0054
1031,-0.44,0.79,0.0053
1032,-0.44,0.81,0.0053
1033,-0.45,0.77,0.0053
1034,-0.45,0.76,0.0054
1035,-0.45,0.69,0.0053
1036,-0.45,0.63,0.0053
1037,-0.34,0.54,0.0053
1038,-0.34,0.44,0.0054
1039,-0.34,0.38,0.0053
1040,-0.34,0.32,0.0053
1041,-0.25,0.25,0.0053
1042,-0.25,0.17,0.0054
1043,-0.25,0.07,0.0053
1044,-0.25,-0.01,0.0053
1045,-0.17,-0.02,0.0053
1046,-0.17,-0.02,0.0054
1047,-0.17,-0.07,0.0053
1048,-0.17,-0.03,0.0053
1049,-0.33,0.05,0.0053
1050,-0.33,0.13,0.0054
1051,-0.33,0.21,0.0053
1052,-0.33,0.31,0.0053
1053,-0.54,0.37,0.0053
1054,-0.54,0.48,0.0054
1055,-0.54,0.59,0.0053
1056,-0.54,0.65,0.0053
1057,-0.63,0.65,0.0053
1058,-0.63,0.49,0.0054
1059,-0.63,0.35,0.0053
1060,-0.63,0.23,0.0053
1061,-0.21,0.16,0.0053
1062,-0.21,0.05,0.0054
1063,-0.21,0.01,0.0053
1064,-0.21,-0.06,0.0052
1065,-0.15,-0.18,0.0053
1066,-0.15,-0.29,0.0054
1067,-0.15,-0.31,0.0053
1068,-0.15,-0.28,0.0053
1069,-0.23,-0.25,0.0053
1070,-0.23,-0.16,0.0054
1071,-0.23,-0.08,0.0053
1072,-0.23,0.01,0.0053
1073,-0.47,0.06,0.0053
1074,-0.47,0.12,0.0054
1075,-0.47,0.17,0.0053
1076,-0.47,0.25,0.0053
1077,-0.54,0.32,0.0053
1078,-0.54,0.37,0.0054
1079,-0.54,0.40,0.0053
1080,-0.54,0.31,0.0053
1081,-0.42,0.27,0.0053
1082,-0.42,0.21,0.0054
1083,-0.42,0.10,0.0053
1084,-0.42,-0.09,0.0053
1085,-0.10,-0.21,0.0053
1086,-0.10,-0.25,0.0054
1087,-0.10,-0.34,0.0053
1088,-0.10,-0.34,0.0053
1089,-0.20,-0.32,0.0053
1090,-0.20,-0.29,0.0054
1091,-0.20,-0.25,0.0053
1092,-0.20,-0.19,0.0053
1093,-0.34,-0.16,0.0053
1094,-0.34,-0.13,0.0054
1095,-0.34,-0.10,0.0053
1096,-0.34,-0.07,0.0053
1097,-0.33,-0.09,0.0053
1098,-0.33,-0.10,0.0054
1099,-0.33,-0.09,0.0053
1100,-0.33,-0.05,0.0053
1101,-0.30,-0.08,0.0053
1102,-0.30,-0.06,0.0054
1103,-0.30,0.33,0.0053
1104,-0.30,0.75,0.0053
1105,-1.08,1.01,0.0053
1106,-1.08,1.38,0.0053
1107,-1.08,1.62,0.0053
1108,-1.08,1.86,0.0053
1109,-1.43,2.00,0.0053
1110,-1.43,2.16,0.0054
1111,-1.43,2.19,0.0053
1112,-1.43,1.70,0.0053
1113,-0.52,1.14,0.0053
1114,-0.52,0.69,0.0054
1115,-0.52,0.26,0.0053
1116,-0.52,-0.23,0.0053
1117,0.33,-0.57,0.0053
1118,0.33,-0.90,0.0054
1119,0.33,-1.19,0.0053
1120,0.33,-1.37,0.0053
1121,0.42,-1.58,0.0053
1122,0.42,-1.65,0.0054
1123,0.42,-1.75,0.0053
1124,0.42,-1.79,0.0053
1125,0.27,-1.80,0.0053
1126,0.27,-1.77,0.0054
1127,0.27,-1.76,0.0053
1128,0.27,-1.74,0.0053
1129,0.24,-1.75,0.0053
1130,0.24,-1.75,0.0054
1131,0.24,-1.78,0.0053
1132,0.24,-1.76,0.0053
1133,0.41,-1.82,0.0053
1134,0.41,-1.65,0.0054
1135,0.41,-1.46,0.0053
1136,0.41,-1.18,0.0053
1137,-0.08,-1.06,0.0053
1138,-0.08,-0.88,0.0054
1139,-0.08,-0.76,0.0053
1140,-0.08,-0.63,0.0053
1141,-0.13,-0.51,0.0053
1142,-0.13,-0.39,0.0054
1143,-0.13,-0.32,0.0053
1144,-0.13,-0.17,0.0053
1145,-0.18,-0.11,0.0053
1146,-0.18,-0.02,0.0054
1147,-0.18,0.07,0.0053
1148,-0.18,0.04,0.0053
1149,-0.13,0.05,0.0053
1150,-0.13,0.10,0.0054
1151,-0.13,0.04,0.0053
1152,-0.13,-0.03,0.0053
1153,0.03,-0.10,0.0053
1154,0.03,-0.18,0.0054
1155,0.03,-0.23,0.0053
1156,0.03,-0.30,0.0053
1157,0.19,-0.38,0.0053
1158,0.19,-0.45,0.0054
1159,0.19,-0.53,0.0053
1160,0.19,-0.64,0.0053
1161,0.33,-0.70,0.0053
1162,0.33,-0.75,0.0054
1163,0.33,-0.71,0.0053
1164,0.33,-0.65,0.0053
1165,0.18,-0.62,0.0053
1166,0.18,-0.61,0.0054
1167,0.18,-0.64,0.0053
1168,0.18,-0.67,0.0053
1169,0.30,-0.69,0.0053
1170,0.30,-0.74,0.0054
1171,0.30,-0.71,0.0053
1172,0.30,-0.71,0.0053
1173,0.28,-0.65,0.0053
1174,0.28,-0.65,0.0054
1175,0.28,-0.68,0.0053
1176,0.28,-0.73,0.0053
1177,0.38,-0.73,0.0053
1178,0.38,-0.74,0.0054
1179,0.38,-0.66,0.0053
1180,0.38,-0.62,0.0053
1181,0.30,-0.61,0.0053
1182,0.30,-0.61,0.0054
1183,0.30,-0.65,0.0053
1184,0.30,-0.63,0.0053
1185,0.35,-0.57,0.0053
1186,0.35,-0.49,0.0054
1187,0.35,-0.40,0.0053
1188,0.35,-0.36,0.0053
1189,0.23,-0.34,0.0053
1190,0.23,-0.34,0.0054
1191,0.23,-0.30,0.0053
1192,0.23,-0.23,0.0053
1193,0.20,-0.15,0.0053
1194,0.20,-0.08,0.0054
1195,0.20,-0.01,0.0053
1196,0.20,0.01,0.0052
1197,0.15,0.03,0.0053
1198,0.15,0.01,0.0054
1199,0.15,-0.01,0.0053
1200,0.15,-0.08,0.0052
1201,0.34,-0.13,0.0053
1202,0.34,-0.21,0.0054
1203,0.34,-0.28,0.0053
1204,0.34,-0.37,0.0053
1205,0.51,-0.45,0.0053
1206,0.51,-0.44,0.0054
1207,0.51,-0.41,0.0053
1208,0.51,-0.36,0.0053
1209,0.36,-0.38,0.0053
1210,0.36,-0.37,0.0054
1211,0.36,-0.33,0.0053
1212,0.36,-0.29,0.0053
1213,0.26,-0.18,0.0053
1214,0.26,-0.13,0.0054
1215,0.26,-0.06,0.0053
1216,0.26,-0.03,0.0053
1217,0.23,-0.01,0.0053
1218,0.23,0.03,0.0054
1219,0.23,0.08,0.0053
1220,0.23,0.14,0.0053
1221,0.18,0.14,0.0053
1222,0.18,0.09,0.0054
1223,0.18,0.04,0.0053
1224,0.18,-0.02,0.0053
1225,0.41,-0.10,0.0053
1226,0.41,-0.14,0.0054
1227,0.41,-0.22,0.0053
1228,0.41,-0.28,0.0053
1229,0.48,-0.32,0.0053
1230,0.48,-0.37,0.0054
1231,0.48,-0.26,0.0053
1232,0.48,-0.13,0.0053
1233,0.29,-0.16,0.0053
1234,0.29,-0.06,0.0054
1235,0.29,0.08,0.0053
1236,0.29,0.26,0.0053
1237,0.02,0.31,0.0053
1238,0.02,0.38,0.0053
1239,0.02,0.40,0.0053
1240,0.02,0.45,0.0053
1241,0.07,0.47,0.0053
1242,0.07,0.48,0.0054
1243,0.07,0.45,0.0053
1244,0.07,0.43,0.0053
1245,0.16,0.41,0.0053
1246,0.16,0.40,0.0054
1247,0.16,0.44,0.0053
1248,0.16,0.49,0.0053
1249,0.03,0.51,0.0053
1250,0.03,0.53,0.0053
1251,0.03,0.55,0.0053
1252,0.03,0.55,0.0053
1253,0.01,0.57,0.0053
1254,0.01,0.60,0.0054
1255,0.01,0.66,0.0053
1256,0.01,0.72,0.0053
1257,-0.11,0.72,0.0053
1258,-0.11,0.67,0.0054
1259,-0.11,0.64,0.0053
1260,-0.11,0.66,0.0053
1261,-0.08,0.71,0.0053
1262,-0.08,0.75,0.0054
1263,-0.08,0.81,0.0053
1264,-0.08,0.78,0.0053
1265,-0.12,0.71,0.0053
1266,-0.12,0.67,0.0054
1267,-0.12,0.67,0.0053
1268,-0.12,0.66,0.0053
1269,-0.14,0.69,0.0053
1270,-0.14,0.71,0.0054
1271,-0.14,0.78,0.0053
1272,-0.14,0.89,0.0053
1273,-0.42,1.01,0.0053
1274,-0.42,1.09,0.0054
1275,-0.42,1.08,0.0053
1276,-0.42,1.08,0.0053
1277,-0.42,1.11,0.0053
1278,-0.42,1.14,0.0054
1279,-0.42,1.26,0.0053
1280,-0.42,1.39,0.0053
1281,-0.70,1.47,0.0053
1282,-0.70,1.49,0.0054
1283,-0.70,1.41,0.0053
1284,-0.70,1.34,0.0053
1285,-0.52,1.30,0.0053
1286,-0.52,1.32,0.0054
1287,-0.52,1.31,0.0053
1288,-0.52,1.26,0.0053
1289,-0.54,1.16,0.0053
1290,-0.54,1.06,0.0054
1291,-0.54,0.93,0.0053
1292,-0.54,0.86,0.0053
1293,-0.40,0.81,0.0053
1294,-0.40,0.73,0.0054
1295,-0.40,0.60,0.0053
1296,-0.40,0.45,0.0053
1297,-0.20,0.29,0.0053
1298,-0.20,0.17,0.0054
1299,-0.20,0.08,0.0053
1300,-0.20,0.02,0.0053
1301,-0.15,-0.08,0.0053
1302,-0.15,-0.13,0.0054
1303,-0.15,-0.19,0.0053
1304,-0.15,-0.19,0.0053
1305,-0.26,-0.13,0.0053
1306,-0.26,-0.05,0.0054
1307,-0.26,0.09,0.0053
1308,-0.26,0.22,0.0053
1309,-0.65,0.39,0.0053
1310,-0.65,0.55,0.0054
1311,-0.65,0.68,0.0053
1312,-0.65,0.73,0.0053
1313,-0.77,0.81,0.0053
1314,-0.77,0.85,0.0054
1315,-0.77,0.80,0.0053
1316,-0.77,0.76,0.0053
1317,-0.54,0.66,0.0053
1318,-0.54,0.56,0.0054
1319,-0.54,0.48,0.0053
1320,-0.54,0.38,0.0053
1321,-0.39,0.33,0.0053
1322,-0.39,0.23,0.0054
1323,-0.39,0.07,0.0053
1324,-0.39,-0.07,0.0053
1325,-0.12,-0.25,0.0053
1326,-0.12,-0.31,0.0054
1327,-0.12,-0.37,0.0053
1328,-0.12,-0.39,0.0053
1329,-0.27,-0.33,0.0053
1330,-0.27,-0.24,0.0054
1331,-0.27,-0.08,0.0053
1332,-0.27,0.07,0.0053
1333,-0.72,0.27,0.0053
1334,-0.72,0.44,0.0054
1335,-0.72,0.60,0.0053
1336,-0.72,0.70,0.0053
1337,-0.90,0.82,0.0053
1338,-0.90,0.95,0.0054
1339,-0.90,0.89,0.0053
1340,-0.90,0.80,0.0053
1341,-0.59,0.62,0.0053
1342,-0.59,0.42,0.0054
1343,-0.59,0.27,0.0053
1344,-0.59,0.13,0.0053
1345,-0.23,-0.03,0.0053
1346,-0.23,-0.20,0.0054
1347,-0.23,-0.35,0.0053
1348,-0.23,-0.63,0.0053
1349,0.08,-0.79,0.0053
1350,0.08,-0.93,0.0054
1351,0.08,-1.00,0.0053
1352,0.08,-1.01,0.0053
1353,-0.02,-1.01,0.0053
1354,-0.02,-0.93,0.0054
1355,-0.02,-0.81,0.0053
1356,-0.02,-0.67,0.0053
1357,-0.41,-0.52,0.0053
1358,-0.41,-0.37,0.0054
1359,-0.41,-0.27,0.0053
1360,-0.41,-0.14,0.0053
1361,-0.55,-0.03,0.0053
1362,-0.55,0.08,0.0054
1363,-0.55,0.17,0.0053
1364,-0.55,0.30,0.0053
1365,-0.67,0.41,0.0053
1366,-0.67,0.48,0.0054
1367,-0.67,0.58,0.0053
1368,-0.67,0.68,0.0053
1369,-0.81,0.81,0.0053
1370,-0.81,0.93,0.0054
1371,-0.81,1.04,0.0053
1372,-0.81,1.15,0.0053
1373,-1.01,1.23,0.0053
1374,-1.01,1.25,0.0054
1375,-1.01,1.03,0.0053
1376,-1.01,0.68,0.0053
1377,-0.15,0.19,0.0053
1378,-0.15,-0.37,0.0054
1379,-0.15,-0.68,0.0053
1380,-0.15,-1.14,0.0053
1381,0.59,-1.40,0.0053
1382,0.59,-1.73,0.0054
1383,0.59,-1.95,0.0053
1384,0.59,-2.12,0.0053
1385,0.67,-2.26,0.0053
1386,0.67,-2.33,0.0054
1387,0.67,-2.36,0.0053
1388,0.67,-2.30,0.0053
1389,0.38,-2.16,0.0053
1390,0.38,-1.84,0.0054
1391,0.38,-1.45,0.0053
1392,0.38,-1.20,0.0053
1393,-0.40,-0.88,0.0053
1394,-0.40,-0.68,0.0054
1395,-0.40,-0.42,0.0053
1396,-0.40,-0.17,0.0053
1397,-0.55,0.07,0.0053
1398,-0.55,0.23,0.0054
1399,-0.55,0.38,0.0053
1400,-0.55,0.73,0.0053
1401,-0.81,0.94,0.0053
1402,-0.81,1.16,0.0054
1403,-0.81,1.35,0.0053
1404,-0.81,1.45,0.0053
1405,-0.97,1.55,0.0053
1406,-0.97,1.56,0.0054
1407,-0.97,1.47,0.0053
1408,-0.97,1.28,0.0053
1409,-0.49,1.12,0.0053
1410,-0.49,0.82,0.0054
1411,-0.49,0.39,0.0053
1412,-0.49,0.05,0.0053
1413,0.22,-0.18,0.0053
1414,0.22,-0.46,0.0054
1415,0.22,-0.73,0.0053
1416,0.22,-0.97,0.0053
1417,0.45,-1.17,0.0053
1418,0.45,-1.42,0.0054
1419,0.45,-1.54,0.0053
1420,0.45,-1.65,0.0053
1421,0.51,-1.70,0.0053
1422,0.51,-1.71,0.0054
1423,0.51,-1.72,0.0053
1424,0.51,-1.64,0.0053
1425,0.29,-1.57,0.0053
1426,0.29,-1.52,0.0054
1427,0.29,-1.48,0.0053
1428,0.29,-1.34,0.0053
1429,0.17,-1.21,0.0053
1430,0.17,-1.10,0.0054
1431,0.17,-1.09,0.0053
1432,0.17,-0.78,0.0053
1433,-0.10,-0.57,0.0053
1434,-0.10,-0.33,0.0054
1435,-0.10,-0.14,0.0053
1436,-0.10,-0.04,0.0053
1437,-0.25,0.03,0.0053
1438,-0.25,0.07,0.0054
1439,-0.25,0.24,0.0053
1440,-0.25,0.29,0.0053
1441,-0.19,0.26,0.0053
1442,-0.19,0.26,0.0054
1443,-0.19,0.19,0.0053
1444,-0.19,0.14,0.0053
1445,0.01,0.08,0.0053
1446,0.01,0.06,0.0054
1447,0.01,0.04,0.0053
1448,0.01,0.02,0.0053
1449,0.01,-0.02,0.0053
1450,0.01,-0.07,0.0054
1451,0.01,-0.12,0.0053
1452,0.01,-0.17,0.0053
1453,0.10,-0.18,0.0053
1454,0.10,-0.20,0.0054
1455,0.10,-0.24,0.0053
1456,0.10,-0.29,0.0053
1457,0.17,-0.35,0.0053
1458,0.17,-0.41,0.0054
1459,0.17,-0.46,0.0053
1460,0.17,-0.51,0.0053
1461,0.26,-0.55,0.0053
1462,0.26,-0.61,0.0054
1463,0.26,-0.68,0.0053
1464,0.26,-0.74,0.0053
1465,0.41,-0.82,0.0053
1466,0.41,-0.88,0.0054
1467,0.41,-0.94,0.0053
1468,0.41,-1.02,0.0053
1469,0.36,-0.83,0.0053
1470,0.36,-0.65,0.0054
1471,0.36,-0.46,0.0053
1472,0.36,-0.34,0.0053
1473,-0.05,-0.22,0.0053
1474,-0.05,-0.15,0.0054
1475,-0.05,-0.03,0.0053
1476,-0.05,-0.05,0.0053
1477,0.04,-0.00,0.0053
1478,0.04,0.06,0.0053
1479,0.04,0.21,0.0053
1480,0.04,0.21,0.0053
1481,-0.04,0.23,0.0053
1482,-0.04,0.17,0.0054
1483,-0.04,0.14,0.0053
1484,-0.04,0.11,0.0053
1485,0.16,0.05,0.0053
1486,0.16,-0.01,0.0054
1487,0.16,-0.09,0.0052
1488,0.16,-0.17,0.0053
1489,0.31,-0.25,0.0053
1490,0.31,-0.31,0.0054
1491,0.31,-0.37,0.0053
1492,0.31,-0.39,0.0053
1493,0.34,-0.43,0.0053
1494,0.34,-0.47,0.0054
1495,0.34,-0.47,0.0053
1496,0.34,-0.48,0.0053
1497,0.32,-0.47,0.0053
1498,0.32,-0.50,0.0054
1499,0.32,-0.61,0.0053
1500,0.32,-0.54,0.0053
1501,0.30,-0.44,0.0053
1502,0.30,-0.28,0.0054
1503,0.30,-0.14,0.0053
1504,0.30,-0.03,0.0053
1505,0.03,-0.01,0.0053
1506,0.03,0.05,0.0053
1507,0.03,0.05,0.0053
1508,0.03,0.14,0.0053
1509,0.08,0.15,0.0053
1510,0.08,0.12,0.0054
1511,0.08,0.09,0.0053
1512,0.08,0.06,0.0053
1513,0.24,0.01,0.0053
1514,0.24,-0.04,0.0053
1515,0.24,-0.12,0.0053
1516,0.24,-0.18,0.0053
1517,0.39,-0.28,0.0053
1518,0.39,-0.35,0.0054
1519,0.39,-0.39,0.0053
1520,0.39,-0.43,0.0053
1521,0.41,-0.44,0.0053
1522,0.41,-0.45,0.0054
1523,0.41,-0.36,0.0053
1524,0.41,-0.36,0.0053
1525,0.25,-0.28,0.0053
1526,0.25,-0.14,0.0054
1527,0.25,0.04,0.0053
1528,0.25,0.09,0.0053
1529,-0.03,0.22,0.0053
1530,-0.03,0.24,0.0054
1531,-0.03,0.23,0.0053
1532,-0.03,0.19,0.0053
1533,0.20,0.16,0.0053
1534,0.20,0.08,0.0054
1535,0.20,0.06,0.0053
1536,0.20,0.04,0.0053
1537,0.25,0.04,0.0053
1538,0.25,0.02,0.0054
1539,0.25,-0.02,0.0053
1540,0.25,-0.04,0.0053
1541,0.28,-0.07,0.0053
1542,0.28,-0.08,0.0054
1543,0.28,-0.10,0.0053
1544,0.28,-0.13,0.0053
1545,0.30,-0.15,0.0053
1546,0.30,-0.19,0.0054
1547,0.30,-0.20,0.0053
1548,0.30,-0.20,0.0053
1549,0.34,-0.23,0.0053
1550,0.34,-0.25,0.0054
1551,0.34,-0.27,0.0053
1552,0.34,-0.17,0.0053
1553,0.22,-0.10,0.0053
1554,0.22,0.01,0.0054
1555,0.22,0.25,0.0053
1556,0.22,0.43,0.0053
1557,-0.17,0.52,0.0053
1558,-0.17,0.59,0.0054
1559,-0.17,0.59,0.0053
1560,-0.17,0.59,0.0053
1561,0.01,0.56,0.0053
1562,0.01,0.56,0.0054
1563,0.01,0.55,0.0053
1564,0.01,0.55,0.0053
1565,-0.01,0.57,0.0053
1566,-0.01,0.57,0.0054
1567,-0.01,0.58,0.0053
1568,-0.01,0.59,0.0053
1569,-0.08,0.63,0.0053
1570,-0.08,0.67,0.0054
1571,-0.08,0.71,0.0053
1572,-0.08,0.73,0.0053
1573,-0.17,0.74,0.0053
1574,-0.17,0.76,0.0054
1575,-0.17,0.79,0.0053
1576,-0.17,0.86,0.0053
1577,-0.27,0.89,0.0053
1578,-0.27,0.76,0.0054
1579,-0.27,0.59,0.0053
1580,-0.27,0.52,0.0053
1581,0.07,0.43,0.0053
1582,0.07,0.39,0.0053
1583,0.07,0.33,0.0053
1584,0.07,0.34,0.0053
1585,-0.03,0.30,0.0053
1586,-0.03,0.27,0.0054
1587,-0.03,0.17,0.0053
1588,-0.03,0.16,0.0053
1589,0.04,0.10,0.0053
1590,0.04,0.07,0.0054
1591,0.04,0.08,0.0053
1592,0.04,0.13,0.0053
1593,-0.06,0.13,0.0053
1594,-0.06,0.18,0.0054
1595,-0.06,0.19,0.0053
1596,-0.06,0.23,0.0053
1597,-0.14,0.24,0.0053
1598,-0.14,0.31,0.0054
1599,-0.14,0.38,0.0053
1600,-0.14,0.45,0.0053
1601,-0.31,0.53,0.0053
1602,-0.31,0.57,0.0054
1603,-0.31,0.62,0.0053
1604,-0.31,0.67,0.0053
1605,-0.36,0.71,0.0053
1606,-0.36,0.79,0.0054
1607,-0.36,0.84,0.0053
1608,-0.36,0.87,0.0053
1609,-0.47,0.91,0.0053
1610,-0.47,0.95,0.0054
1611,-0.47,0.99,0.0053
1612,-0.47,1.05,0.0053
1613,-0.56,1.08,0.0053
1614,-0.56,1.09,0.0054
1615,-0.56,1.05,0.0053
1616,-0.56,1.00,0.0053
1617,-0.47,0.96,0.0053
1618,-0.47,0.90,0.0054
1619,-0.47,0.87,0.0053
1620,-0.47,0.82,0.0053
1621,-0.40,0.73,0.0053
1622,-0.40,0.64,0.0054
1623,-0.40,0.50,0.0053
1624,-0.40,0.37,0.0053
1625,-0.19,0.27,0.0053
1626,-0.19,0.18,0.0054
1627,-0.19,0.11,0.0053
1628,-0.19,0.02,0.0053
1629,-0.11,-0.10,0.0053
1630,-0.11,-0.22,0.0054
1631,-0.11,-0.32,0.0053
1632,-0.11,-0.34,0.0053
1633,-0.09,-0.32,0.0053
1634,-0.09,-0.25,0.0054
1635,-0.09,-0.16,0.0053
1636,-0.09,-0.09,0.0053
1637,-0.39,-0.00,0.0053
1638,-0.39,0.06,0.0053
1639,-0.39,0.14,0.0053
1640,-0.39,0.21,0.0053
1641,-0.48,0.29,0.0053
1642,-0.48,0.34,0.0054
1643,-0.48,0.28,0.0053
1644,-0.48,0.26,0.0053
1645,-0.37,0.27,0.0053
1646,-0.37,0.27,0.0054
1647,-0.37,0.15,0.0053
1648,-0.37,0.14,0.0053
1649,-0.24,0.06,0.0053
1650,-0.24,-0.02,0.0054
1651,-0.24,-0.12,0.0053
1652,-0.24,-0.19,0.0053
1653,-0.10,-0.24,0.0053
1654,-0.10,-0.22,0.0054
1655,-0.10,-0.15,0.0053
1656,-0.10,-0.05,0.0053
1657,-0.43,0.07,0.0053
1658,-0.43,0.11,0.0054
1659,-0.43,0.18,0.0053
1660,-0.43,0.22,0.0053
1661,-0.45,0.26,0.0053
1662,-0.45,0.32,0.0054
1663,-0.45,0.37,0.0053
1664,-0.45,0.40,0.0053
1665,-0.55,0.47,0.0053
1666,-0.55,0.33,0.0054
1667,-0.55,0.17,0.0053
1668,-0.55,-0.05,0.0053
1669,-0.04,-0.15,0.0053
1670,-0.04,-0.24,0.0054
1671,-0.04,-0.27,0.0053
1672,-0.04,-0.24,0.0053
1673,-0.24,-0.19,0.0053
1674,-0.24,-0.13,0.0054
1675,-0.24,-0.09,0.0053
1676,-0.24,-0.07,0.0053
1677,-0.35,-0.05,0.0053
1678,-0.35,-0.06,0.0054
1679,-0.35,-0.05,0.0053
1680,-0.35,-0.04,0.0053
1681,-0.32,-0.01,0.0053
1682,-0.32,0.00,0.0054
1683,-0.32,-0.01,0.0052
1684,-0.32,-0.01,0.0052
1685,-0.32,0.01,0.0052
1686,-0.32,0.02,0.0053
1687,-0.32,-0.05,0.0053
1688,-0.32,-0.01,0.0053
1689,-0.39,0.11,0.0053
1690,-0.39,0.16,0.0054
1691,-0.39,0.26,0.0053
1692,-0.39,0.31,0.0053
1693,-0.54,0.37,0.0053
1694,-0.54,0.38,0.0054
1695,-0.54,0.38,0.0053
1696,-0.54,0.37,0.0053
1697,-0.45,0.35,0.0053
1698,-0.45,0.35,0.0054
1699,-0.45,0.36,0.0053
1700,-0.45,0.36,0.0053
1701,-0.47,0.35,0.0053
1702,-0.47,0.09,0.0054
1703,-0.47,-0.06,0.0053
1704,-0.47,-0.42,0.0053
1705,0.32,-0.77,0.0053
1706,0.32,-1.18,0.0054
1707,0.32,-1.38,0.0053
1708,0.32,-1.65,0.0053
1709,0.72,-1.86,0.0053
1710,0.72,-2.02,0.0054
1711,0.72,-2.17,0.0053
1712,0.72,-2.16,0.0053
1713,0.53,-2.04,0.0053
1714,0.53,-1.95,0.0054
1715,0.53,-1.76,0.0053
1716,0.53,-1.42,0.0053
1717,-0.03,-1.24,0.0053
1718,-0.03,-1.08,0.0054
1719,-0.03,-0.90,0.0053
1720,-0.03,-0.71,0.0053
1721,-0.13,-0.58,0.0052
1722,-0.13,-0.43,0.0054
1723,-0.13,-0.34,0.0053
1724,-0.13,-0.17,0.0053
1725,-0.18,-0.11,0.0053
1726,-0.18,0.01,0.0054
1727,-0.18,0.04,0.0053
1728,-0.18,0.14,0.0053
1729,-0.17,0.13,0.0053
1730,-0.17,0.14,0.0054
1731,-0.17,0.12,0.0053
1732,-0.17,0.01,0.0053
1733,0.07,-0.07,0.0053
1734,0.07,-0.19,0.0054
1735,0.07,-0.27,0.0053
1736,0.07,-0.34,0.0053
1737,0.23,-0.40,0.0053
1738,0.23,-0.50,0.0054
1739,0.23,-0.60,0.0053
1740,0.23,-0.68,0.0053
1741,0.40,-0.77,0.0053
1742,0.40,-0.83,0.0054
1743,0.40,-0.92,0.0053
1744,0.40,-0.97,0.0053
1745,0.43,-0.96,0.0053
1746,0.43,-0.81,0.0054
1747,0.43,-0.71,0.0053
1748,0.43,-0.64,0.0053
1749,0.16,-0.62,0.0053
1750,0.16,-0.60,0.0054
1751,0.16,-0.54,0.0053
1752,0.16,-0.49,0.0053
1753,0.14,-0.37,0.0053
1754,0.14,-0.30,0.0054
1755,0.14,-0.27,0.0053
1756,0.14,-0.30,0.0053
1757,0.24,-0.35,0.0053
1758,0.24,-0.39,0.0054
1759,0.24,-0.35,0.0053
1760,0.24,-0.32,0.0053
1761,0.20,-0.26,0.0053
1762,0.20,-0.25,0.0054
1763,0.20,-0.26,0.0053
1764,0.20,-0.27,0.0053
1765,0.27,-0.28,0.0053
1766,0.27,-0.26,0.0054
1767,0.27,-0.25,0.0053
1768,0.27,-0.25,0.0053
1769,0.24,-0.23,0.0053
1770,0.24,-0.24,0.0054
1771,0.24,-0.22,0.0053
1772,0.24,-0.16,0.0053
1773,0.19,-0.12,0.0053
1774,0.19,-0.10,0.0054
1775,0.19,-0.08,0.0053
1776,0.19,-0.06,0.0053
1777,0.18,-0.05,0.0053
1778,0.18,-0.02,0.0054
1779,0.18,-0.00,0.0053
1780,0.18,0.01,0.0052
1781,0.20,-0.02,0.0053
1782,0.20,-0.05,0.0054
1783,0.20,-0.09,0.0053
1784,0.20,-0.14,0.0053
1785,0.33,-0.20,0.0053
1786,0.33,-0.25,0.0054
1787,0.33,-0.34,0.0053
1788,0.33,-0.40,0.0053
1789,0.46,-0.46,0.0053
1790,0.46,-0.44,0.0054
1791,0.46,-0.41,0.0053
1792,0.46,-0.39,0.0053
1793,0.31,-0.35,0.0053
1794,0.31,-0.34,0.0054
1795,0.31,-0.32,0.0053
1796,0.31,-0.32,0.0053
1797,0.35,-0.33,0.0053
1798,0.35,-0.28,0.0054
1799,0.35,-0.20,0.0053
1800,0.35,-0.11,0.0053
1801,0.18,-0.05,0.0053
1802,0.18,-0.05,0.0054
1803,0.18,-0.02,0.0053
1804,0.18,0.02,0.0053
1805,0.17,0.11,0.0053
1806,0.17,0.15,0.0054
1807,0.17,0.14,0.0053
1808,0.17,0.12,0.0053
1809,0.24,0.10,0.0053
1810,0.24,0.07,0.0054
1811,0.24,0.02,0.0053
1812,0.24,-0.00,0.0053
1813,0.34,-0.05,0.0052
1814,0.34,-0.09,0.0054
1815,0.34,-0.12,0.0053
1816,0.34,-0.12,0.0053
1817,0.32,-0.10,0.0053
1818,0.32,-0.10,0.0054
1819,0.32,-0.09,0.0053
1820,0.32,-0.12,0.0053
1821,0.35,-0.16,0.0053
1822,0.35,-0.18,0.0054
1823,0.35,-0.20,0.0053
1824,0.35,-0.16,0.0053
1825,0.15,0.09,0.0053
1826,0.15,0.16,0.0054
1827,0.15,0.36,0.0053
1828,0.15,0.61,0.0053
1829,-0.28,0.81,0.0053
1830,-0.28,0.93,0.0054
1831,-0.28,1.03,0.0053
1832,-0.28,1.04,0.0053
1833,-0.23,1.07,0.0053
1834,-0.23,1.01,0.0054
1835,-0.23,0.99,0.0053
1836,-0.23,0.98,0.0053
1837,-0.12,0.98,0.0053
1838,-0.12,1.00,0.0054
1839,-0.12,0.90,0.0053
1840,-0.12,0.80,0.0053
1841,-0.04,0.75,0.0053
1842,-0.04,0.76,0.0054
1843,-0.04,0.65,0.0053
1844,-0.04,0.56,0.0053
1845,0.07,0.43,0.0053
1846,0.07,0.43,0.0054
1847,0.07,0.28,0.0053
1848,0.07,0.21,0.0053
1849,0.10,0.18,0.0053
1850,0.10,0.14,0.0054
1851,0.10,0.15,0.0053
1852,0.10,0.17,0.0053
1853,-0.02,0.20,0.0053
1854,-0.02,0.19,0.0054
1855,-0.02,0.14,0.0053
1856,-0.02,0.12,0.0053
1857,0.01,0.15,0.0053
1858,0.01,0.15,0.0054
1859,0.01,0.20,0.0053
1860,0.01,0.23,0.0053
1861,-0.12,0.30,0.0053
1862,-0.12,0.43,0.0054
1863,-0.12,0.54,0.0053
1864,-0.12,0.60,0.0053
1865,-0.30,0.60,0.0053
1866,-0.30,0.61,0.0054
1867,-0.30,0.66,0.0053
1868,-0.30,0.71,0.0053
1869,-0.36,0.80,0.0053
1870,-0.36,0.91,0.0054
1871,-0.36,0.96,0.0053
1872,-0.36,0.97,0.0053
1873,-0.44,0.96,0.0053
1874,-0.44,0.93,0.0054
1875,-0.44,0.95,0.0053
1876,-0.44,0.97,0.0053
1877,-0.45,1.00,0.0053
1878,-0.45,0.99,0.0054
1879,-0.45,0.95,0.0053
1880,-0.45,0.92,0.0053
1881,-0.39,0.86,0.0053
1882,-0.39,0.81,0.0054
1883,-0.39,0.76,0.0053
1884,-0.39,0.68,0.0053
1885,-0.28,0.58,0.0053
1886,-0.28,0.48,0.0054
1887,-0.28,0.38,0.0053
1888,-0.28,0.30,0.0053
1889,-0.18,0.24,0.0053
1890,-0.18,0.19,0.0054
1891,-0.18,0.13,0.0053
1892,-0.18,0.03,0.0053
1893,-0.13,-0.03,0.0053
1894,-0.13,-0.08,0.0054
1895,-0.13,-0.12,0.0053
1896,-0.13,-0.11,0.0053
1897,-0.23,-0.03,0.0053
1898,-0.23,0.07,0.0054
1899,-0.23,0.19,0.0053
1900,-0.23,0.29,0.0053
1901,-0.54,0.40,0.0053
1902,-0.54,0.48,0.0054
1903,-0.54,0.56,0.0053
1904,-0.54,0.63,0.0053
1905,-0.58,0.66,0.0053
1906,-0.58,0.64,0.0054
1907,-0.58,0.62,0.0053
1908,-0.58,0.59,0.0053
1909,-0.42,0.52,0.0053
1910,-0.42,0.45,0.0054
1911,-0.42,0.37,0.0053
1912,-0.42,0.29,0.0053
1913,-0.27,0.21,0.0053
1914,-0.27,0.11,0.0054
1915,-0.27,0.01,0.0053
1916,-0.27,-0.08,0.0053
1917,-0.12,-0.18,0.0053
1918,-0.12,-0.18,0.0054
1919,-0.12,-0.22,0.0053
1920,-0.12,-0.19,0.0053
1921,-0.30,-0.12,0.0053
1922,-0.30,-0.01,0.0054
1923,-0.30,0.09,0.0053
1924,-0.30,0.19,0.0053
1925,-0.55,0.26,0.0053
1926,-0.55,0.33,0.0054
1927,-0.55,0.38,0.0053
1928,-0.55,0.49,0.0053
1929,-0.65,0.58,0.0053
1930,-0.65,0.46,0.0054
1931,-0.65,0.31,0.0053
1932,-0.65,0.17,0.0053
1933,-0.18,0.07,0.0053
1934,-0.18,0.02,0.0054
1935,-0.18,-0.04,0.0053
1936,-0.18,-0.17,0.0053
1937,-0.10,-0.32,0.0053
1938,-0.10,-0.38,0.0054
1939,-0.10,-0.39,0.0053
1940,-0.10,-0.37,0.0053
1941,-0.24,-0.31,0.0053
1942,-0.24,-0.26,0.0054
1943,-0.24,-0.19,0.0053
1944,-0.24,-0.13,0.0053
1945,-0.41,-0.06,0.0053
1946,-0.41,0.01,0.0054
1947,-0.41,0.10,0.0053
1948,-0.41,0.15,0.0053
1949,-0.51,0.21,0.0053
1950,-0.51,0.25,0.0054
1951,-0.51,0.29,0.0053
1952,-0.51,0.32,0.0053
1953,-0.51,0.35,0.0053
1954,-0.51,0.40,0.0054
1955,-0.51,0.45,0.0053
1956,-0.51,0.46,0.0053
1957,-0.57,0.48,0.0053
1958,-0.57,0.33,0.0054
1959,-0.57,0.06,0.0053
1960,-0.57,-0.24,0.0053
1961,0.15,-0.47,0.0053
1962,0.15,-0.67,0.0054
1963,0.15,-0.79,0.0053
1964,0.15,-0.86,0.0053
1965,0.12,-0.90,0.0053
1966,0.12,-0.88,0.0054
1967,0.12,-0.86,0.0053
1968,0.12,-0.82,0.0053
1969,-0.07,-0.81,0.0053
1970,-0.07,-0.83,0.0054
1971,-0.07,-0.85,0.0053
1972,-0.07,-0.84,0.0053
1973,0.02,-0.84,0.0053
1974,0.02,-0.84,0.0054
1975,0.02,-0.84,0.0053
1976,0.02,-0.87,0.0053
1977,0.11,-0.91,0.0053
1978,0.11,-0.93,0.0054
1979,0.11,-0.96,0.0053
1980,0.11,-0.97,0.0053
1981,0.19,-0.99,0.0053
1982,0.19,-1.03,0.0054
1983,0.19,-1.05,0.0053
1984,0.19,-1.15,0.0053
1985,0.32,-1.14,0.0053
1986,0.32,-1.11,0.0054
1987,0.32,-1.02,0.0053
1988,0.32,-0.91,0.0053
1989,-0.01,-0.69,0.0053
1990,-0.01,-0.60,0.0054
1991,-0.01,-0.53,0.0053
1992,-0.01,-0.46,0.0053
1993,-0.02,-0.38,0.0053
1994,-0.02,-0.35,0.0054
1995,-0.02,-0.33,0.0053
1996,-0.02,-0.40,0.0053
1997,0.20,-0.49,0.0053
1998,0.20,-0.56,0.0054
1999,0.20,-0.59,0.0053
2000,0.20,-0.54,0.0053
2001,0.20,-0.52,0.0053
2002,0.20,-0.51,0.0054
2003,0.20,-0.56,0.0053
2004,0.20,-0.57,0.0053
2005,0.32,-0.66,0.0053
2006,0.32,-0.68,0.0054
2007,0.32,-0.72,0.0053
2008,0.32,-0.71,0.0053
2009,0.34,-0.72,0.0053
2010,0.34,-0.73,0.0054
2011,0.34,-0.79,0.0053
2012,0.34,-0.81,0.0053
2013,0.44,-0.83,0.0053
2014,0.44,-0.82,0.0054
2015,0.44,-0.78,0.0053
2016,0.44,-0.76,0.0053
2017,0.37,-0.75,0.0053
2018,0.37,-0.76,0.0054
2019,0.37,-0.71,0.0053
2020,0.37,-0.63,0.0053
2021,0.32,-0.57,0.0053
2022,0.32,-0.51,0.0054
2023,0.32,-0.44,0.0053
2024,0.32,-0.40,0.0053
2025,0.23,-0.31,0.0053
2026,0.23,-0.24,0.0054
2027,0.23,-0.19,0.0053
2028,0.23,-0.13,0.0053
2029,0.17,-0.07,0.0053
2030,0.17,-0.03,0.0054
2031,0.17,0.04,0.0053
2032,0.17,0.10,0.0053
2033,0.10,0.16,0.0053
2034,0.10,0.14,0.0054
2035,0.10,0.09,0.0053
2036,0.10,0.01,0.0053
2037,0.38,-0.11,0.0053
2038,0.38,-0.21,0.0054
2039,0.38,-0.35,0.0053
2040,0.38,-0.49,0.0053
2041,0.65,-0.61,0.0053
2042,0.65,-0.74,0.0054
2043,0.65,-0.84,0.0053
2044,0.65,-0.79,0.0053
2045,0.60,-0.77,0.0053
2046,0.60,-0.56,0.0054
2047,0.60,-0.52,0.0053
2048,0.60,-0.41,0.0053
2049,0.27,-0.36,0.0053
2050,0.27,-0.28,0.0054
2051,0.27,-0.20,0.0053
2052,0.27,-0.01,0.0053
2053,0.11,0.11,0.0052
2054,0.11,0.25,0.0054
2055,0.11,0.32,0.0053
2056,0.11,0.31,0.0053
2057,0.15,0.30,0.0053
2058,0.15,0.22,0.0054
2059,0.15,0.10,0.0053
2060,0.15,-0.03,0.0053
2061,0.57,-0.19,0.0053
2062,0.57,-0.30,0.0054
2063,0.57,-0.41,0.0053
2064,0.57,-0.48,0.0053
2065,0.66,-0.56,0.0053
2066,0.66,-0.62,0.0054
2067,0.66,-0.59,0.0053
2068,0.66,-0.46,0.0053
2069,0.38,-0.34,0.0053
2070,0.38,-0.26,0.0054
2071,0.38,-0.24,0.0053
2072,0.38,-0.13,0.0053
2073,0.27,-0.04,0.0053
2074,0.27,0.12,0.0054
2075,0.27,0.20,0.0053
2076,0.27,0.29,0.0053
2077,0.12,0.32,0.0053
2078,0.12,0.32,0.0054
2079,0.12,0.29,0.0053
2080,0.12,0.21,0.0053
2081,0.40,0.11,0.0053
2082,0.40,0.03,0.0054
2083,0.40,-0.07,0.0053
2084,0.40,-0.16,0.0053
2085,0.56,-0.22,0.0053
2086,0.56,-0.30,0.0054
2087,0.56,-0.41,0.0053
2088,0.56,-0.48,0.0053
2089,0.68,-0.56,0.0053
2090,0.68,-0.56,0.0054
2091,0.68,-0.51,0.0053
2092,0.68,-0.38,0.0053
2093,0.31,-0.19,0.0053
2094,0.31,0.06,0.0054
2095,0.31,0.20,0.0053
2096,0.31,0.38,0.0053
2097,0.01,0.43,0.0053
2098,0.01,0.47,0.0054
2099,0.01,0.48,0.0053
2100,0.01,0.43,0.0053
2101,0.27,0.38,0.0053
2102,0.27,0.32,0.0054
2103,0.27,0.26,0.0053
2104,0.27,0.19,0.0053
2105,0.40,0.15,0.0053
2106,0.40,0.09,0.0053
2107,0.40,0.05,0.0053
2108,0.40,0.01,0.0053
2109,0.42,-0.02,0.0052
2110,0.42,-0.04,0.0054
2111,0.42,-0.05,0.0053
2112,0.42,-0.07,0.0053
2113,0.43,-0.12,0.0053
2114,0.43,-0.16,0.0054
2115,0.43,-0.21,0.0053
2116,0.43,-0.23,0.0053
2117,0.47,-0.23,0.0053
2118,0.47,-0.25,0.0054
2119,0.47,-0.26,0.0053
2120,0.47,-0.29,0.0053
2121,0.40,-0.16,0.0053
2122,0.40,-0.05,0.0054
2123,0.40,0.24,0.0053
2124,0.40,0.51,0.0053
2125,-0.30,0.85,0.0053
2126,-0.30,1.06,0.0054
2127,-0.30,1.24,0.0053
2128,-0.30,1.43,0.0053
2129,-0.46,1.54,0.0053
2130,-0.46,1.64,0.0054
2131,-0.46,1.65,0.0053
2132,-0.46,1.64,0.0053
2133,-0.30,1.59,0.0053
2134,-0.30,1.46,0.0054
2135,-0.30,1.26,0.0053
2136,-0.30,1.00,0.0053
2137,0.21,0.80,0.0053
2138,0.21,0.62,0.0054
2139,0.21,0.45,0.0053
2140,0.21,0.29,0.0053
2141,0.33,0.15,0.0053
2142,0.33,0.03,0.0054
2143,0.33,-0.07,0.0053
2144,0.33,-0.18,0.0053
2145,0.40,-0.31,0.0053
2146,0.40,-0.49,0.0054
2147,0.40,-0.51,0.0053
2148,0.40,-0.58,0.0053
2149,0.40,-0.53,0.0053
2150,0.40,-0.51,0.0054
2151,0.40,-0.48,0.0053
2152,0.40,-0.46,0.0053
2153,0.27,-0.43,0.0053
2154,0.27,-0.37,0.0054
2155,0.27,-0.32,0.0053
2156,0.27,-0.18,0.0053
2157,-0.00,0.03,0.0053
2158,-0.00,0.23,0.0054
2159,-0.00,0.53,0.0053
2160,-0.00,0.91,0.0053
2161,-0.62,1.13,0.0053
2162,-0.62,1.43,0.0054
2163,-0.62,1.64,0.0053
2164,-0.62,1.81,0.0053
2165,-0.85,1.95,0.0053
2166,-0.85,2.03,0.0054
2167,-0.85,2.04,0.0053
2168,-0.85,2.15,0.0053
2169,-0.55,1.83,0.0053
2170,-0.55,1.54,0.0054
2171,-0.55,1.16,0.0053
2172,-0.55,0.94,0.0053
2173,0.13,0.71,0.0053
2174,0.13,0.47,0.0054
2175,0.13,0.21,0.0053
2176,0.13,0.01,0.0053
2177,0.26,-0.13,0.0053
2178,0.26,-0.30,0.0054
2179,0.26,-0.53,0.0053
2180,0.26,-0.73,0.0053
2181,0.47,-0.85,0.0053
2182,0.47,-1.01,0.0054
2183,0.47,-1.03,0.0053
2184,0.47,-1.03,0.0053
2185,0.32,-0.97,0.0053
2186,0.32,-0.94,0.0054
2187,0.32,-0.92,0.0053
2188,0.32,-0.87,0.0053
2189,0.20,-0.80,0.0053
2190,0.20,-0.69,0.0054
2191,0.20,-0.60,0.0053
2192,0.20,-0.31,0.0053
2193,-0.34,0.09,0.0053
2194,-0.34,0.41,0.0054
2195,-0.34,0.65,0.0053
2196,-0.34,0.96,0.0053
2197,-0.81,1.21,0.0053
2198,-0.81,1.39,0.0054
2199,-0.81,1.58,0.0053
2200,-0.81,1.69,0.0053
2201,-0.88,1.81,0.0053
2202,-0.88,1.89,0.0054
2203,-0.88,1.86,0.0053
2204,-0.88,1.72,0.0053
2205,-0.49,1.47,0.0053
2206,-0.49,1.15,0.0054
2207,-0.49,0.75,0.0053
2208,-0.49,0.53,0.0053
2209,0.16,0.29,0.0053
2210,0.16,0.10,0.0054
2211,0.16,-0.09,0.0053
2212,0.16,-0.31,0.0053
2213,0.22,-0.45,0.0053
2214,0.22,-0.57,0.0054
2215,0.22,-0.75,0.0053
2216,0.22,-0.88,0.0053
2217,0.30,-0.92,0.0053
2218,0.30,-0.97,0.0054
2219,0.30,-0.91,0.0053
2220,0.30,-0.85,0.0053
2221,0.02,-0.73,0.0053
2222,0.02,-0.56,0.0054
2223,0.02,-0.40,0.0053
2224,0.02,-0.28,0.0053
2225,-0.29,-0.15,0.0053
2226,-0.29,0.02,0.0054
2227,-0.29,0.20,0.0053
2228,-0.29,0.38,0.0053
2229,-0.51,0.48,0.0053
2230,-0.51,0.63,0.0054
2231,-0.51,0.70,0.0053
2232,-0.51,0.75,0.0053
2233,-0.51,0.78,0.0053
2234,-0.51,0.90,0.0054
2235,-0.51,1.01,0.0053
2236,-0.51,1.15,0.0053
2237,-0.79,1.27,0.0053
2238,-0.79,1.31,0.0054
2239,-0.79,1.35,0.0053
2240,-0.79,1.10,0.0053
2241,-0.33,0.82,0.0053
2242,-0.33,0.42,0.0054
2243,-0.33,0.17,0.0053
2244,-0.33,-0.09,0.0053
2245,0.28,-0.32,0.0053
2246,0.28,-0.44,0.0054
2247,0.28,-0.57,0.0053
2248,0.28,-0.58,0.0053
2249,0.06,-0.62,0.0053
2250,0.06,-0.55,0.0054
2251,0.06,-0.44,0.0053
2252,0.06,-0.31,0.0053
2253,-0.33,-0.19,0.0053
2254,-0.33,-0.06,0.0054
2255,-0.33,0.02,0.0053
2256,-0.33,0.10,0.0053
2257,-0.43,0.19,0.0053
2258,-0.43,0.29,0.0054
2259,-0.43,0.35,0.0053
2260,-0.43,0.45,0.0053
2261,-0.53,0.52,0.0053
2262,-0.53,0.55,0.0054
2263,-0.53,0.67,0.0053
2264,-0.53,0.65,0.0053
2265,-0.37,0.44,0.0053
2266,-0.37,0.13,0.0054
2267,-0.37,-0.04,0.0053
2268,-0.37,-0.16,0.0053
2269,0.11,-0.30,0.0053
2270,0.11,-0.31,0.0054
2271,0.11,-0.34,0.0053
2272,0.11,-0.27,0.0053
2273,-0.25,-0.17,0.0053
2274,-0.25,-0.04,0.0054
2275,-0.25,0.07,0.0053
2276,-0.25,0.15,0.0053
2277,-0.46,0.20,0.0053
2278,-0.46,0.27,0.0054
2279,-0.46,0.33,0.0053
2280,-0.46,0.40,0.0053
2281,-0.53,0.48,0.0053
2282,-0.53,0.53,0.0054
2283,-0.53,0.61,0.0053
2284,-0.53,0.64,0.0053
2285,-0.37,0.38,0.0053
2286,-0.37,0.09,0.0054
2287,-0.37,-0.06,0.0053
2288,-0.37,-0.20,0.0053
2289,0.09,-0.35,0.0053
2290,0.09,-0.40,0.0054
2291,0.09,-0.39,0.0053
2292,0.09,-0.36,0.0053
2293,-0.25,-0.24,0.0053
2294,-0.25,-0.13,0.0054
2295,-0.25,-0.07,0.0053
2296,-0.25,-0.02,0.0053
2297,-0.35,-0.02,0.0053
2298,-0.35,-0.02,0.0054
2299,-0.35,0.00,0.0053
2300,-0.35,0.04,0.0052
2301,-0.34,0.08,0.0053
2302,-0.34,0.11,0.0054
2303,-0.34,0.12,0.0053
2304,-0.34,0.11,0.0053
2305,-0.33,0.11,0.0053
2306,-0.33,0.12,0.0054
2307,-0.33,0.13,0.0053
2308,-0.33,0.14,0.0053
2309,-0.35,0.15,0.0053
2310,-0.35,0.16,0.0054
2311,-0.35,0.16,0.0053
2312,-0.35,0.11,0.0053
2313,-0.36,0.18,0.0053
2314,-0.36,0.12,0.0054
2315,-0.36,-0.17,0.0053
2316,-0.36,-0.58,0.0053
2317,0.28,-0.71,0.0053
2318,0.28,-0.99,0.0054
2319,0.28,-1.16,0.0053
2320,0.28,-1.24,0.0053
2321,0.45,-1.36,0.0053
2322,0.45,-1.33,0.0054
2323,0.45,-1.33,0.0053
2324,0.45,-1.32,0.0053
2325,0.25,-1.34,0.0053
2326,0.25,-1.37,0.0054
2327,0.25,-1.42,0.0053
2328,0.25,-1.52,0.0053
2329,0.44,-1.49,0.0053
2330,0.44,-1.20,0.0054
2331,0.44,-0.92,0.0053
2332,0.44,-0.75,0.0053
2333,-0.25,-0.52,0.0053
2334,-0.25,-0.39,0.0054
2335,-0.25,-0.25,0.0053
2336,-0.25,-0.13,0.0053
2337,-0.20,-0.03,0.0053
2338,-0.20,0.05,0.0054
2339,-0.20,0.05,0.0053
2340,-0.20,0.14,0.0053
2341,-0.26,0.31,0.0053
2342,-0.26,0.39,0.0054
2343,-0.26,0.42,0.0053
2344,-0.26,0.44,0.0053
2345,-0.19,0.38,0.0053
2346,-0.19,0.34,0.0054
2347,-0.19,0.24,0.0053
2348,-0.19,0.19,0.0053
2349,0.04,0.07,0.0053
2350,0.04,-0.03,0.0054
2351,0.04,-0.14,0.0053
2352,0.04,-0.24,0.0053
2353,0.23,-0.36,0.0053
2354,0.23,-0.43,0.0054
2355,0.23,-0.51,0.0053
2356,0.23,-0.58,0.0053
2357,0.31,-0.67,0.0053
2358,0.31,-0.76,0.0054
2359,0.31,-0.87,0.0053
2360,0.31,-0.97,0.0053
2361,0.51,-1.07,0.0053
2362,0.51,-1.14,0.0054
2363,0.51,-1.19,0.0053
2364,0.51,-1.27,0.0053
2365,0.61,-1.35,0.0053
2366,0.61,-1.37,0.0054
2367,0.61,-1.25,0.0053
2368,0.61,-1.14,0.0053
2369,0.38,-1.08,0.0053
2370,0.38,-0.77,0.0054
2371,0.38,-0.40,0.0053
2372,0.38,-0.21,0.0053
2373,-0.24,-0.01,0.0053
2374,-0.24,0.10,0.0054
2375,-0.24,0.20,0.0053
2376,-0.24,0.31,0.0053
2377,-0.15,0.44,0.0053
2378,-0.15,0.50,0.0054
2379,-0.15,0.51,0.0053
2380,-0.15,0.55,0.0053
2381,-0.03,0.48,0.0053
2382,-0.03,0.41,0.0054
2383,-0.03,0.29,0.0053
2384,-0.03,0.17,0.0053
2385,0.29,0.04,0.0053
2386,0.29,-0.05,0.0054
2387,0.29,-0.15,0.0053
2388,0.29,-0.24,0.0053
2389,0.38,-0.33,0.0053
2390,0.38,-0.43,0.0054
2391,0.38,-0.53,0.0053
2392,0.38,-0.61,0.0053
2393,0.50,-0.67,0.0053
2394,0.50,-0.78,0.0054
2395,0.50,-0.85,0.0053
2396,0.50,-0.65,0.0053
2397,0.21,-0.41,0.0053
2398,0.21,-0.26,0.0054
2399,0.21,-0.17,0.0053
2400,0.21,-0.06,0.0053
2401,0.13,-0.12,0.0053
2402,0.13,-0.11,0.0054
2403,0.13,-0.04,0.0053
2404,0.13,0.13,0.0053
2405,-0.03,0.26,0.0053
2406,-0.03,0.30,0.0054
2407,-0.03,0.37,0.0053
2408,-0.03,0.35,0.0053
2409,0.07,0.30,0.0053
2410,0.07,0.21,0.0054
2411,0.07,0.10,0.0053
2412,0.07,0.02,0.0053
2413,0.33,-0.05,0.0053
2414,0.33,-0.11,0.0054
2415,0.33,-0.16,0.0053
2416,0.33,-0.22,0.0053
2417,0.35,-0.27,0.0053
2418,0.35,-0.30,0.0054
2419,0.35,-0.37,0.0053
2420,0.35,-0.41,0.0053
2421,0.39,-0.41,0.0053
2422,0.39,-0.34,0.0054
2423,0.39,-0.29,0.0053
2424,0.39,-0.07,0.0053
2425,0.05,0.01,0.0053
2426,0.05,0.11,0.0054
2427,0.05,0.19,0.0053
2428,0.05,0.36,0.0053
2429,-0.03,0.34,0.0053
2430,-0.03,0.37,0.0054
2431,-0.03,0.32,0.0053
2432,-0.03,0.23,0.0053
2433,0.24,0.12,0.0053
2434,0.24,0.09,0.0054
2435,0.24,0.06,0.0053
2436,0.24,0.05,0.0053
2437,0.20,0.05,0.0053
2438,0.20,0.03,0.0054
2439,0.20,-0.01,0.0053
2440,0.20,-0.06,0.0053
2441,0.27,-0.08,0.0053
2442,0.27,-0.09,0.0054
2443,0.27,-0.08,0.0053
2444,0.27,-0.05,0.0053
2445,0.21,-0.06,0.0053
2446,0.21,-0.07,0.0054
2447,0.21,-0.09,0.0053
2448,0.21,-0.11,0.0053
2449,0.24,-0.09,0.0053
2450,0.24,-0.08,0.0054
2451,0.24,-0.05,0.0053
2452,0.24,-0.01,0.0053
2453,0.17,-0.01,0.0053
2454,0.17,0.03,0.0054
2455,0.17,0.02,0.0053
2456,0.17,0.08,0.0053
2457,0.04,0.21,0.0053
2458,0.04,0.31,0.0054
2459,0.04,0.43,0.0053
2460,0.04,0.51,0.0053
2461,-0.16,0.60,0.0053
2462,-0.16,0.65,0.0054
2463,-0.16,0.66,0.0053
2464,-0.16,0.65,0.0053
2465,-0.08,0.65,0.0053
2466,-0.08,0.68,0.0054
2467,-0.08,0.73,0.0053
2468,-0.08,0.79,0.0053
2469,-0.26,0.88,0.0053
2470,-0.26,0.92,0.0054
2471,-0.26,0.96,0.0053
2472,-0.26,0.99,0.0053
2473,-0.33,1.03,0.0053
2474,-0.33,1.11,0.0054
2475,-0.33,1.18,0.0053
2476,-0.33,1.07,0.0053
2477,-0.17,0.82,0.0053
2478,-0.17,0.59,0.0054
2479,-0.17,0.47,0.0053
2480,-0.17,0.35,0.0053
2481,0.10,0.28,0.0053
2482,0.10,0.27,0.0054
2483,0.10,0.28,0.0053
2484,0.10,0.22,0.0053
2485,-0.09,0.23,0.0053
2486,-0.09,0.21,0.0054
2487,-0.09,0.21,0.0053
2488,-0.09,0.10,0.0053
2489,-0.05,0.14,0.0053
2490,-0.05,0.08,0.0054
2491,-0.05,0.06,0.0053
2492,-0.05,0.09,0.0053
2493,-0.10,0.13,0.0053
2494,-0.10,0.16,0.0054
2495,-0.10,0.19,0.0053
2496,-0.10,0.18,0.0053
2497,-0.15,0.20,0.0053
2498,-0.15,0.25,0.0054
2499,-0.15,0.32,0.0053
2500,-0.15,0.44,0.0053
2501,-0.36,0.51,0.0053
2502,-0.36,0.54,0.0054
2503,-0.36,0.58,0.0053
2504,-0.36,0.59,0.0053
2505,-0.37,0.65,0.0053
2506,-0.37,0.73,0.0054
2507,-0.37,0.81,0.0053
2508,-0.37,0.88,0.0053
2509,-0.53,0.91,0.0053
2510,-0.53,0.90,0.0054
2511,-0.53,0.91,0.0053
2512,-0.53,0.91,0.0053
2513,-0.50,0.94,0.0053
2514,-0.50,0.95,0.0054
2515,-0.50,0.91,0.0053
2516,-0.50,0.89,0.0053
2517,-0.45,0.82,0.0053
2518,-0.45,0.78,0.0054
2519,-0.45,0.70,0.0053
2520,-0.45,0.63,0.0053
2521,-0.33,0.52,0.0053
2522,-0.33,0.43,0.0054
2523,-0.33,0.32,0.0053
2524,-0.33,0.27,0.0053
2525,-0.21,0.17,0.0053
2526,-0.21,0.08,0.0054
2527,-0.21,-0.05,0.0053
2528,-0.21,-0.11,0.0053
2529,-0.12,-0.16,0.0053
2530,-0.12,-0.18,0.0054
2531,-0.12,-0.14,0.0053
2532,-0.12,-0.05,0.0053
2533,-0.40,0.06,0.0053
2534,-0.40,0.18,0.0054
2535,-0.40,0.30,0.0053
2536,-0.40,0.40,0.0053
2537,-0.65,0.52,0.0053
2538,-0.65,0.64,0.0054
2539,-0.65,0.70,0.0053
2540,-0.65,0.64,0.0053
2541,-0.49,0.51,0.0053
2542,-0.49,0.42,0.0054
2543,-0.49,0.40,0.0053
2544,-0.49,0.35,0.0053
2545,-0.40,0.33,0.0053
2546,-0.40,0.27,0.0054
2547,-0.40,0.13,0.0053
2548,-0.40,-0.03,0.0053
2549,-0.11,-0.18,0.0053
2550,-0.11,-0.24,0.0054
2551,-0.11,-0.25,0.0053
2552,-0.11,-0.24,0.0053
2553,-0.32,-0.15,0.0053
2554,-0.32,-0.03,0.0054
2555,-0.32,0.12,0.0053
2556,-0.32,0.22,0.0053
2557,-0.63,0.31,0.0053
2558,-0.63,0.39,0.0054
2559,-0.63,0.44,0.0053
2560,-0.63,0.51,0.0053
2561,-0.66,0.57,0.0053
2562,-0.66,0.71,0.0054
2563,-0.66,0.58,0.0053
2564,-0.66,0.45,0.0053
2565,-0.29,0.16,0.0053
2566,-0.29,0.01,0.0054
2567,-0.29,-0.16,0.0053
2568,-0.29,-0.27,0.0053
2569,-0.08,-0.36,0.0053
2570,-0.08,-0.36,0.0054
2571,-0.08,-0.47,0.0053
2572,-0.08,-0.44,0.0053
2573,-0.26,-0.37,0.0053
2574,-0.26,-0.30,0.0054
2575,-0.26,-0.24,0.0053
2576,-0.26,-0.16,0.0053
2577,-0.42,-0.13,0.0053
2578,-0.42,-0.09,0.0054
2579,-0.42,-0.06,0.0053
2580,-0.42,-0.03,0.0053
2581,-0.42,0.02,0.0053
2582,-0.42,0.04,0.0054
2583,-0.42,0.06,0.0053
2584,-0.42,0.09,0.0053
2585,-0.43,0.10,0.0053
2586,-0.43,0.12,0.0054
2587,-0.43,0.15,0.0053
2588,-0.43,0.16,0.0053
2589,-0.45,0.18,0.0053
2590,-0.45,0.20,0.0054
2591,-0.45,0.20,0.0053
2592,-0.45,0.21,0.0053
2593,-0.48,0.24,0.0053
2594,-0.48,0.22,0.0054
2595,-0.48,0.35,0.0053
2596,-0.48,0.24,0.0053
2597,-0.10,-0.27,0.0053
2598,-0.10,-0.74,0.0054
2599,-0.10,-1.00,0.0053
2600,-0.10,-1.35,0.0053
2601,0.67,-1.58,0.0053
2602,0.67,-1.86,0.0054
2603,0.67,-2.00,0.0053
2604,0.67,-2.18,0.0053
2605,0.76,-2.29,0.0053
2606,0.76,-2.35,0.0054
2607,0.76,-2.31,0.0053
2608,0.76,-2.10,0.0053
2609,0.28,-1.85,0.0053
2610,0.28,-1.53,0.0054
2611,0.28,-1.29,0.0053
2612,0.28,-1.07,0.0053
2613,-0.13,-0.92,0.0053
2614,-0.13,-0.81,0.0054
2615,-0.13,-0.67,0.0053
2616,-0.13,-0.47,0.0053
2617,-0.20,-0.26,0.0053
2618,-0.20,-0.06,0.0054
2619,-0.20,0.08,0.0053
2620,-0.20,0.23,0.0053
2621,-0.35,0.33,0.0053
2622,-0.35,0.41,0.0054
2623,-0.35,0.38,0.0053
2624,-0.35,0.37,0.0053
2625,-0.13,0.31,0.0053
2626,-0.13,0.23,0.0054
2627,-0.13,0.15,0.0053
2628,-0.13,0.09,0.0053
2629,0.08,-0.01,0.0053
2630,0.08,-0.08,0.0053
2631,0.08,-0.17,0.0053
2632,0.08,-0.27,0.0053
2633,0.22,-0.37,0.0053
2634,0.22,-0.45,0.0054
2635,0.22,-0.53,0.0053
2636,0.22,-0.60,0.0053
2637,0.31,-0.67,0.0053
2638,0.31,-0.78,0.0054
2639,0.31,-0.88,0.0053
2640,0.31,-1.00,0.0053
2641,0.55,-1.11,0.0053
2642,0.55,-1.19,0.0054
2643,0.55,-1.27,0.0053
2644,0.55,-1.30,0.0053
2645,0.56,-1.28,0.0053
2646,0.56,-1.12,0.0054
2647,0.56,-0.89,0.0053
2648,0.56,-0.74,0.0053
2649,0.08,-0.62,0.0053
2650,0.08,-0.44,0.0054
2651,0.08,-0.29,0.0053
2652,0.08,-0.21,0.0053
2653,0.00,-0.11,0.0053
2654,0.00,0.07,0.0054
2655,0.00,0.15,0.0053
2656,0.00,0.19,0.0053
2657,-0.03,0.21,0.0053
2658,-0.03,0.13,0.0054
2659,-0.03,0.06,0.0053
2660,-0.03,-0.05,0.0053
2661,0.34,-0.14,0.0053
2662,0.34,-0.24,0.0054
2663,0.34,-0.33,0.0053
2664,0.34,-0.45,0.0053
2665,0.52,-0.56,0.0053
2666,0.52,-0.65,0.0054
2667,0.52,-0.75,0.0053
2668,0.52,-0.82,0.0053
2669,0.58,-0.83,0.0053
2670,0.58,-0.83,0.0054
2671,0.58,-0.77,0.0053
2672,0.58,-0.71,0.0053
2673,0.41,-0.68,0.0053
2674,0.41,-0.63,0.0054
2675,0.41,-0.59,0.0053
2676,0.41,-0.49,0.0053
2677,0.30,-0.41,0.0053
2678,0.30,-0.35,0.0054
2679,0.30,-0.27,0.0053
2680,0.30,-0.23,0.0053
2681,0.24,-0.15,0.0053
2682,0.24,-0.08,0.0054
2683,0.24,0.01,0.0053
2684,0.24,0.12,0.0053
2685,0.14,0.15,0.0053
2686,0.14,0.16,0.0054
2687,0.14,0.12,0.0053
2688,0.14,0.07,0.0053
2689,0.39,-0.05,0.0053
2690,0.39,-0.09,0.0054
2691,0.39,-0.23,0.0053
2692,0.39,-0.35,0.0053
2693,0.61,-0.46,0.0053
2694,0.61,-0.57,0.0054
2695,0.61,-0.68,0.0053
2696,0.61,-0.64,0.0053
2697,0.57,-0.59,0.0053
2698,0.57,-0.43,0.0054
2699,0.57,-0.32,0.0053
2700,0.57,-0.21,0.0053
2701,0.24,-0.15,0.0053
2702,0.24,-0.10,0.0054
2703,0.24,0.04,0.0053
2704,0.24,0.18,0.0053
2705,0.05,0.34,0.0053
2706,0.05,0.38,0.0054
2707,0.05,0.45,0.0053
2708,0.05,0.45,0.0053
2709,0.19,0.39,0.0053
2710,0.19,0.32,0.0054
2711,0.19,0.25,0.0053
2712,0.19,0.17,0.0053
2713,0.42,0.07,0.0053
2714,0.42,-0.00,0.0054
2715,0.42,-0.09,0.0052
2716,0.42,-0.17,0.0053
2717,0.52,-0.24,0.0053
2718,0.52,-0.30,0.0054
2719,0.52,-0.33,0.0053
2720,0.52,-0.39,0.0053
2721,0.56,-0.44,0.0053
2722,0.56,-0.51,0.0054
2723,0.56,-0.55,0.0053
2724,0.56,-0.55,0.0053
2725,0.44,-0.35,0.0053
2726,0.44,-0.14,0.0054
2727,0.44,0.05,0.0053
2728,0.44,0.37,0.0053
2729,-0.17,0.55,0.0053
2730,-0.17,0.72,0.0054
2731,-0.17,0.82,0.0053
2732,-0.17,0.85,0.0053
2733,-0.10,0.90,0.0053
2734,-0.10,0.86,0.0054
2735,-0.10,0.81,0.0053
2736,-0.10,0.76,0.0053
2737,0.13,0.71,0.0053
2738,0.13,0.69,0.0054
2739,0.13,0.66,0.0053
2740,0.13,0.65,0.0053
2741,0.08,0.62,0.0053
2742,0.08,0.58,0.0054
2743,0.08,0.45,0.0053
2744,0.08,0.33,0.0053
2745,0.26,0.29,0.0053
2746,0.26,0.28,0.0054
2747,0.26,0.17,0.0053
2748,0.26,0.10,0.0053
2749,0.33,-0.01,0.0053
2750,0.33,-0.12,0.0054
2751,0.33,-0.23,0.0053
2752,0.33,-0.24,0.0053
2753,0.40,-0.26,0.0053
2754,0.40,-0.25,0.0054
2755,0.40,-0.23,0.0053
2756,0.40,-0.19,0.0053
2757,0.24,-0.16,0.0053
2758,0.24,-0.13,0.0054
2759,0.24,-0.13,0.0053
2760,0.24,-0.09,0.0053
2761,0.21,-0.05,0.0053
2762,0.21,-0.02,0.0054
2763,0.21,0.05,0.0053
2764,0.21,0.32,0.0053
2765,-0.07,0.40,0.0053
2766,-0.07,0.52,0.0054
2767,-0.07,0.81,0.0053
2768,-0.07,0.96,0.0053
2769,-0.45,1.12,0.0053
2770,-0.45,1.24,0.0054
2771,-0.45,1.27,0.0053
2772,-0.45,1.33,0.0053
2773,-0.38,1.34,0.0053
2774,-0.38,1.38,0.0054
2775,-0.38,1.44,0.0053
2776,-0.38,1.49,0.0053
2777,-0.52,1.55,0.0053
2778,-0.52,1.37,0.0054
2779,-0.52,1.28,0.0053
2780,-0.52,1.24,0.0053
2781,-0.11,0.99,0.0053
2782,-0.11,0.75,0.0054
2783,-0.11,0.60,0.0053
2784,-0.11,0.46,0.0053
2785,0.09,0.35,0.0053
2786,0.09,0.31,0.0054
2787,0.09,0.23,0.0053
2788,0.09,0.11,0.0053
2789,0.07,0.00,0.0053
2790,0.07,-0.15,0.0053
2791,0.07,-0.25,0.0053
2792,0.07,-0.31,0.0053
2793,0.21,-0.38,0.0053
2794,0.21,-0.31,0.0054
2795,0.21,-0.28,0.0053
2796,0.21,-0.16,0.0053
2797,-0.16,-0.04,0.0053
2798,-0.16,0.11,0.0054
2799,-0.16,0.22,0.0053
2800,-0.16,0.34,0.0053
2801,-0.39,0.45,0.0053
2802,-0.39,0.55,0.0054
2803,-0.39,0.67,0.0053
2804,-0.39,0.77,0.0053
2805,-0.52,0.86,0.0053
2806,-0.52,0.96,0.0054
2807,-0.52,1.05,0.0053
2808,-0.52,1.22,0.0053
2809,-0.70,1.27,0.0053
2810,-0.70,0.98,0.0054
2811,-0.70,0.72,0.0053
2812,-0.70,0.55,0.0053
2813,0.04,0.39,0.0053
2814,0.04,0.30,0.0054
2815,0.04,0.27,0.0053
2816,0.04,0.19,0.0053
2817,-0.09,0.07,0.0053
2818,-0.09,-0.15,0.0054
2819,-0.09,-0.29,0.0053
2820,-0.09,-0.36,0.0053
2821,0.12,-0.40,0.0053
2822,0.12,-0.37,0.0054
2823,0.12,-0.30,0.0053
2824,0.12,-0.16,0.0053
2825,-0.31,-0.03,0.0053
2826,-0.31,0.12,0.0054
2827,-0.31,0.25,0.0053
2828,-0.31,0.37,0.0053
2829,-0.55,0.49,0.0053
2830,-0.55,0.61,0.0054
2831,-0.55,0.73,0.0053
2832,-0.55,0.79,0.0053
2833,-0.56,0.75,0.0053
2834,-0.56,0.71,0.0054
2835,-0.56,0.72,0.0053
2836,-0.56,0.91,0.0053
2837,-0.59,0.89,0.0053
2838,-0.59,0.85,0.0054
2839,-0.59,0.57,0.0053
2840,-0.59,0.39,0.0053
2841,-0.09,0.20,0.0053
2842,-0.09,0.05,0.0054
2843,-0.09,-0.05,0.0053
2844,-0.09,-0.05,0.0053
2845,-0.15,-0.09,0.0053
2846,-0.15,-0.14,0.0054
2847,-0.15,-0.23,0.0053
2848,-0.15,-0.21,0.0053
2849,-0.20,-0.18,0.0053
2850,-0.20,-0.10,0.0054
2851,-0.20,-0.03,0.0053
2852,-0.20,0.07,0.0053
2853,-0.44,0.11,0.0053
2854,-0.44,0.23,0.0054
2855,-0.44,0.35,0.0053
2856,-0.44,0.49,0.0053
2857,-0.66,0.57,0.0053
2858,-0.66,0.56,0.0054
2859,-0.66,0.53,0.0053
2860,-0.66,0.54,0.0053
2861,-0.55,0.62,0.0053
2862,-0.55,0.59,0.0054
2863,-0.55,0.46,0.0053
2864,-0.55,0.28,0.0053
2865,-0.16,0.07,0.0053
2866,-0.16,-0.12,0.0054
2867,-0.16,-0.22,0.0053
2868,-0.16,-0.30,0.0053
2869,-0.03,-0.41,0.0053
2870,-0.03,-0.49,0.0054
2871,-0.03,-0.47,0.0053
2872,-0.03,-0.43,0.0053
2873,-0.24,-0.34,0.0053
2874,-0.24,-0.26,0.0054
2875,-0.24,-0.18,0.0053
2876,-0.24,-0.10,0.0053
2877,-0.44,-0.01,0.0053
2878,-0.44,0.04,0.0054
2879,-0.44,0.13,0.0053
2880,-0.44,0.21,0.0053
2881,-0.52,0.27,0.0053
2882,-0.52,0.31,0.0054
2883,-0.52,0.37,0.0053
2884,-0.52,0.43,0.0053
2885,-0.58,0.48,0.0053
2886,-0.58,0.54,0.0054
2887,-0.58,0.52,0.0053
2888,-0.58,0.33,0.0053
2889,-0.31,0.20,0.0053
2890,-0.31,0.03,0.0054
2891,-0.31,-0.25,0.0053
2892,-0.31,-0.42,0.0053
2893,0.09,-0.52,0.0053
2894,0.09,-0.62,0.0054
2895,0.09,-0.58,0.0053
2896,0.09,-0.59,0.0053
2897,-0.16,-0.53,0.0053
2898,-0.16,-0.50,0.0054
2899,-0.16,-0.43,0.0053
2900,-0.16,-0.38,0.0053
2901,-0.28,-0.33,0.0053
2902,-0.28,-0.29,0.0054
2903,-0.28,-0.23,0.0053
2904,-0.28,-0.21,0.0053
2905,-0.28,-0.20,0.0053
2906,-0.28,-0.17,0.0054
2907,-0.28,-0.16,0.0053
2908,-0.28,-0.13,0.0053
2909,-0.30,-0.09,0.0053
2910,-0.30,-0.06,0.0054
2911,-0.30,0.06,0.0053
2912,-0.30,0.14,0.0053
2913,-0.51,0.27,0.0053
2914,-0.51,0.54,0.0054
2915,-0.51,0.72,0.0053
2916,-0.51,0.92,0.0053
2917,-0.95,1.05,0.0053
2918,-0.95,1.15,0.0054
2919,-0.95,1.19,0.0053
2920,-0.95,1.19,0.0053
2921,-0.70,1.05,0.0053
2922,-0.70,0.78,0.0054
2923,-0.70,0.68,0.0053
2924,-0.70,0.31,0.0053
2925,0.11,-0.14,0.0053
2926,0.11,-0.61,0.0054
2927,0.11,-0.90,0.0053
2928,0.11,-1.26,0.0053
2929,0.61,-1.46,0.0053
2930,0.61,-1.71,0.0054
2931,0.61,-1.86,0.0053
2932,0.61,-1.96,0.0053
2933,0.61,-2.06,0.0053
2934,0.61,-2.09,0.0054
2935,0.61,-2.12,0.0053
2936,0.61,-2.13,0.0053
2937,0.55,-2.16,0.0053
2938,0.55,-2.14,0.0054
2939,0.55,-2.17,0.0053
2940,0.55,-1.98,0.0053
2941,0.31,-1.73,0.0053
2942,0.31,-1.32,0.0054
2943,0.31,-1.06,0.0053
2944,0.31,-0.80,0.0053
2945,-0.28,-0.55,0.0053
2946,-0.28,-0.47,0.0054
2947,-0.28,-0.25,0.0053
2948,-0.28,-0.14,0.0053
2949,-0.26,0.10,0.0053
2950,-0.26,0.30,0.0054
2951,-0.26,0.56,0.0053
2952,-0.26,0.79,0.0053
2953,-0.68,1.00,0.0053
2954,-0.68,1.14,0.0054
2955,-0.68,1.27,0.0053
2956,-0.68,1.34,0.0053
2957,-0.62,1.34,0.0053
2958,-0.62,1.37,0.0054
2959,-0.62,1.30,0.0053
2960,-0.62,1.25,0.0053
2961,-0.27,0.94,0.0053
2962,-0.27,0.62,0.0054
2963,-0.27,0.21,0.0053
2964,-0.27,-0.24,0.0053
2965,0.59,-0.53,0.0053
2966,0.59,-0.83,0.0054
2967,0.59,-1.03,0.0053
2968,0.59,-1.22,0.0053
2969,0.63,-1.33,0.0053
2970,0.63,-1.40,0.0054
2971,0.63,-1.50,0.0053
2972,0.63,-1.58,0.0053
2973,0.64,-1.67,0.0053
2974,0.64,-1.76,0.0054
2975,0.64,-1.71,0.0053
2976,0.64,-1.79,0.0053
2977,0.54,-1.60,0.0053
2978,0.54,-1.09,0.0054
2979,0.54,-0.55,0.0053
2980,0.54,-0.19,0.0053
2981,-0.69,0.24,0.0053
2982,-0.69,0.60,0.0054
2983,-0.69,0.84,0.0053
2984,-0.69,1.04,0.0053
2985,-0.61,1.10,0.0053
2986,-0.61,1.17,0.0054
2987,-0.61,1.14,0.0053
2988,-0.61,1.07,0.0053
2989,-0.21,0.93,0.0053
2990,-0.21,0.74,0.0054
2991,-0.21,0.66,0.0053
2992,-0.21,0.49,0.0053
2993,0.16,0.27,0.0053
2994,0.16,-0.01,0.0054
2995,0.16,-0.36,0.0052
2996,0.16,-0.64,0.0053
2997,0.67,-0.81,0.0053
2998,0.67,-0.99,0.0054
2999,0.67,-1.08,0.0053
3000,0.67,-1.07,0.0053
3001,0.41,-0.97,0.0053
3002,0.41,-0.81,0.0054
3003,0.41,-0.66,0.0053
3004,0.41,-0.53,0.0053
3005,-0.01,-0.41,0.0053
3006,-0.01,-0.10,0.0054
3007,-0.01,0.08,0.0053
3008,-0.01,0.43,0.0053
3009,-0.58,0.70,0.0053
3010,-0.58,0.95,0.0054
3011,-0.58,1.04,0.0053
3012,-0.58,1.06,0.0053
3013,-0.43,1.04,0.0053
3014,-0.43,0.94,0.0053
3015,-0.43,0.82,0.0053
3016,-0.43,0.64,0.0053
3017,0.21,0.27,0.0053
